name: queries/query-2
queryGraph: 
nodes: 
x0, true, false
x1, false, true
x2, false, false
x3, false, false
x4, false, false
x5, false, false
edges: 
x0, x2, 0
x2, x3, 1
x3, x4, -1
x4, x5, 1
x5, x1, -1
transducerGraph: 
t0, true, true
edges: 
t0, t0, 0, 0, 0
t0, t0, 0, 1, 9
t0, t0, 0, 2, 7
t0, t0, 0, 3, 9
t0, t0, 1, 0, 9
t0, t0, 1, 1, 0
t0, t0, 1, 2, 7
t0, t0, 1, 3, 9
t0, t0, 2, 0, 7
t0, t0, 2, 1, 7
t0, t0, 2, 2, 0
t0, t0, 2, 3, 8
t0, t0, 3, 0, 9
t0, t0, 3, 1, 9
t0, t0, 3, 2, 8
t0, t0, 3, 3, 0
t0, t0, -0, -1, 9
t0, t0, -0, -2, 7
t0, t0, -0, -3, 9
t0, t0, -1, -0, 9
t0, t0, -1, -2, 7
t0, t0, -1, -3, 9
t0, t0, -2, -0, 7
t0, t0, -2, -1, 7
t0, t0, -2, -3, 8
t0, t0, -3, -0, 9
t0, t0, -3, -1, 9
t0, t0, -3, -2, 8
t0, t0, -0, -0, 0
t0, t0, -1, -1, 0
t0, t0, -2, -2, 0
t0, t0, -3, -3, 0
t0, t0, 0_rec_, 0, 0
t0, t0, 1_rec_, 1, 0
t0, t0, 2_rec_, 2, 0
t0, t0, 3_rec_, 3, 0
t0, t0, -0_rec_, -0, 0
t0, t0, -1_rec_, -1, 0
t0, t0, -2_rec_, -2, 0
t0, t0, -3_rec_, -3, 0
databaseGraph: 
nodes: 
1800
2000
681
400
2001
1754
1321
2002
255
403
1831
2003
111
1316
2004
700
591
212
2005
1834
967
2006
1891
793
2007
685
370
1669
2008
882
1530
239
2009
1270
678
1085
2010
1769
936
558
2011
1702
1784
522
2012
310
1230
1762
72
2013
368
730
1723
1963
2014
45
394
1856
2015
907
2016
65
456
2017
908
179
2018
729
760
1249
900
2019
221
132
2020
779
804
1353
2021
1710
2022
94
2023
233
1116
418
2024
404
23
868
2025
989
17
2026
446
2027
917
1503
2028
241
309
1038
171
2029
762
684
2030
733
2031
705
2032
1518
2033
1607
30
1727
2034
1674
1235
1532
1204
2035
923
1478
833
1008
2036
314
1147
1244
2037
1458
518
306
1175
2038
1981
1117
2039
2040
1073
2041
970
367
2042
954
1082
31
42
2043
279
125
46
1918
2044
1298
611
2045
398
774
819
457
2046
1461
2047
894
808
1925
1680
2048
1901
1155
447
2049
1130
1930
1677
2050
718
579
2051
781
2052
1159
2053
2054
1742
2055
1536
435
2056
1004
272
2057
547
690
2058
1938
1113
1420
2059
1446
302
2060
1591
108
1209
2061
858
1907
2062
90
2063
1029
1903
2064
421
183
2065
436
236
2066
1605
1176
2067
1265
2068
1549
2069
1383
1023
2070
1224
1656
2071
1685
203
1391
2072
1980
79
2073
1667
180
2074
1839
1351
2075
1182
2076
49
401
387
2077
1978
512
1146
2078
41
1589
1547
466
2079
1015
841
472
2080
1661
2081
691
2082
605
261
230
2083
610
1059
2084
1352
782
2085
567
58
2086
1305
914
1223
2087
52
343
1174
2088
1198
548
487
1119
377
2089
260
1066
431
2090
1696
2092
1709
251
2093
284
2094
957
1597
1893
1761
1121
2095
1115
509
2096
430
485
1624
2097
694
817
2098
280
2099
1359
745
2100
1258
1689
1859
2101
1902
2102
1412
2103
903
941
1093
1896
63
2104
215
593
1755
2105
884
2106
1406
2107
1363
158
1336
2108
596
1628
1499
2109
543
666
2110
996
2111
1757
1625
2112
1951
1747
66
2113
525
1672
2114
1838
602
2115
1179
564
2116
1538
1212
2117
338
1090
2118
811
1803
2119
102
116
1128
1136
2120
1782
2121
286
1759
2122
856
2123
1507
987
1267
2124
1108
93
2125
768
864
2126
1682
1924
2127
416
166
2128
750
2129
133
235
2130
1827
1450
2131
1561
1773
1959
2132
1626
660
1927
2133
1193
800
2134
1281
1480
1288
1833
2135
1703
1720
2136
28
1733
2137
1904
15
2138
748
2139
1070
2140
1028
1350
2141
1620
2142
909
2143
1337
2144
1576
905
1033
481
2146
291
1594
2147
759
1939
2148
1078
489
2149
273
115
1005
2150
1422
333
14
2151
1062
1264
504
2152
506
169
2153
516
1451
2154
1910
1969
2155
37
1777
2156
1210
2157
1960
496
1148
1101
2158
1397
1526
1379
2159
1255
2160
195
2161
1671
2162
1065
1804
2163
1357
2164
1269
1933
1279
2165
1861
1631
2166
674
763
2167
1908
305
2168
888
761
2169
1253
265
2170
812
796
2171
2172
270
1869
2173
1686
2174
1666
185
353
2175
1568
282
2176
1562
2177
1328
2178
519
562
645
2179
1909
1318
1118
1274
2180
1072
820
614
1466
2181
1313
1302
637
2182
619
465
258
2183
2184
867
160
1388
2185
480
581
1479
2187
1201
1823
2188
182
1208
2189
2190
190
2191
814
2192
121
928
2193
1967
658
2194
1009
813
2195
1867
2196
918
806
2197
1248
1243
2198
1246
2199
1345
2200
1323
1423
2201
176
1990
2202
847
650
505
2203
151
866
2204
77
2205
1411
1156
2206
1216
1092
256
2207
1746
2208
1519
471
2209
559
1600
2210
994
1329
2211
1171
57
1169
2212
622
1060
2213
958
105
2214
170
1510
2215
1813
2216
1811
2217
247
1995
2218
892
1366
1616
2219
2220
499
1617
2221
1444
468
2222
1571
479
2223
1409
2224
268
2225
2226
1668
1583
758
2227
721
1968
2229
350
1853
2230
2231
1135
944
2232
772
1259
845
2233
1550
2234
2235
320
766
1740
2236
1489
2237
145
2238
785
2239
1408
1301
2240
998
408
2241
1783
1983
2242
1157
2243
643
1890
1482
2244
259
1132
1926
2245
1419
1698
2246
592
2248
2249
1644
2250
2251
1145
979
2252
1111
2253
1729
2254
12
2255
2256
1756
2257
1358
2258
1393
1241
2259
825
1495
1897
2260
896
1203
2261
211
1402
2262
355
2263
1441
2264
1250
1315
1017
2265
486
1654
2266
1372
1194
2267
724
2268
240
2269
1533
1314
2270
2271
1346
922
2272
332
1812
2273
743
2274
561
837
2275
1284
531
283
2276
188
1528
2277
1395
1970
2278
686
155
78
2279
682
2280
1387
2281
1914
503
70
1277
2282
1134
1282
1325
1311
2283
2284
8
2285
267
2286
1889
2287
1843
2288
327
1623
2289
727
2290
1430
612
735
2291
1362
2292
618
2293
467
1080
2294
1705
1792
1074
2295
535
2296
1752
1854
2297
708
103
61
2298
299
2299
1125
110
672
2300
654
2301
213
1431
2302
1774
2303
64
1195
1633
1140
2304
25
68
2305
349
2306
1452
1055
1501
1687
2307
161
2308
1991
1961
613
2309
508
2310
1697
1645
2311
1670
2312
770
776
2313
1540
2314
1256
974
2315
1599
2316
1712
2317
140
2318
196
1261
1982
1407
2319
2320
2321
1436
893
2322
1905
1081
413
2323
1043
597
1084
2325
742
2326
1045
1730
2327
769
546
1332
2328
1728
2329
207
1036
2330
2331
1068
2332
154
2333
1542
528
2334
589
2335
374
2336
1640
163
2337
483
2338
1577
1127
2339
1884
839
2340
1293
751
2341
701
2342
2343
1485
801
1785
2344
214
993
2345
274
2346
1027
951
2348
191
1040
1200
217
1650
2349
1529
174
2350
20
187
101
2351
120
262
1126
2352
2353
234
216
2354
386
664
2355
982
2356
802
301
2357
2358
1491
276
2359
1041
2360
411
2361
1477
1858
381
2362
100
414
2363
885
1390
2364
2365
1665
1290
883
2366
651
2367
204
2368
1713
2369
1639
2370
198
2371
1566
458
1106
2372
437
2373
1394
2374
1883
278
2375
363
2376
352
2377
1181
2378
1815
2379
1835
2380
1105
473
2381
1192
2382
146
342
2383
2384
1426
1369
1460
2385
1965
824
2386
1254
665
2387
1197
2389
830
809
2390
336
2391
1355
1553
138
2392
1943
2393
1330
439
2394
36
226
2395
1885
98
347
2396
879
2397
577
2398
1632
18
2399
173
2400
1382
1112
2401
539
1863
2402
667
293
1231
2405
1296
71
2406
1263
2407
2408
379
326
2409
712
2410
1410
816
254
2411
1217
2412
2413
1471
2414
1498
2415
2416
1063
2417
1488
1447
1611
2418
53
1513
2419
1690
2420
875
464
2421
1435
749
2422
2423
870
2424
2425
318
2426
640
393
1071
2428
1050
2429
2430
1232
2431
229
968
209
2432
565
1593
2433
22
2434
582
1173
2435
536
2436
1719
1266
2437
538
2438
1439
2439
1580
2440
2441
656
1781
1418
2442
1053
549
1333
128
1049
2443
385
50
296
971
2444
1948
887
2445
1734
1675
2446
587
2447
1595
428
1556
2448
1601
1360
2449
1814
2450
1044
1370
2451
26
541
2452
67
2453
1587
655
2454
206
946
2455
1966
2456
526
89
2457
1922
2458
331
725
2459
502
2460
441
2461
927
1717
1453
1787
2462
1385
2463
2464
300
2465
354
2466
382
2467
1715
1131
2468
1324
532
2469
1368
1947
2470
228
1191
740
2472
325
1166
2473
540
1221
533
2474
1205
1228
2475
1830
266
2476
1097
580
646
2477
2478
2479
1099
573
453
2480
1067
1609
2481
32
623
1343
1227
2482
1091
2483
688
1973
2484
2485
606
2486
1808
2487
1767
948
2488
2489
344
1374
2490
930
702
511
2491
1658
1031
402
2492
515
2493
1268
788
1582
671
2494
2495
1817
1416
164
2496
143
192
2497
1796
746
2498
1139
1103
1273
2499
84
444
2500
2501
1392
1892
764
2502
1107
2503
1692
1552
2504
2505
1700
2506
1470
2507
2508
2509
1560
2510
205
722
1037
1881
2511
1954
2512
874
827
1653
2513
1236
2514
1541
2515
1537
13
2516
1016
2517
1283
2518
1657
1275
2519
876
2521
358
59
2522
304
2523
2524
440
2525
2526
2527
1775
427
2528
1051
1376
2529
1300
1952
2530
2531
484
1900
2532
194
2533
380
1845
478
2534
1840
2535
2536
2537
396
1034
2538
1151
2539
836
990
949
2540
1183
2541
1114
2542
2543
620
2544
1551
571
432
2545
1026
2546
741
962
51
1841
2547
838
2548
999
409
285
2549
1164
2550
449
2551
794
2552
463
1718
1807
2553
1473
1714
2554
113
1189
2555
631
139
1163
2556
99
2557
1753
2558
1076
670
1322
2559
1846
1525
2560
1019
1022
2561
1415
2562
2563
2564
2565
1378
2566
366
2567
1048
1190
2568
1592
109
2569
223
2571
904
919
1870
2572
635
2573
2574
2575
873
2576
849
2577
39
1294
2578
445
1042
2579
328
339
2580
2581
1297
1257
732
687
2582
395
1875
1641
2584
1278
1001
850
2585
1338
1515
2586
1578
2587
1630
2588
2590
1880
2591
2592
2593
1291
2594
462
599
2595
2596
854
2597
2598
544
2599
755
252
2600
1425
1570
2601
695
553
2602
341
2603
1403
2604
2605
1820
2606
1797
2607
1434
308
2608
1610
709
1348
2609
1304
1006
2610
578
621
2611
2612
415
488
714
2613
316
2614
1801
975
2616
1848
2617
510
1581
1676
2618
317
2619
583
2620
507
881
2621
2622
861
2623
925
357
2624
2625
153
752
2626
1855
417
1534
322
2627
1432
2628
1475
83
2629
895
2630
1799
1621
2631
2632
595
2633
1276
497
2634
723
2635
1795
1711
2636
245
1521
2637
2638
29
2639
1
2640
1778
2641
275
860
2642
570
2643
1872
2644
2645
184
588
2646
1342
2647
965
716
2648
2649
575
1695
425
2651
2652
765
2653
69
1012
2654
1120
2655
2656
2658
1602
2659
424
2660
2661
1584
663
2662
1220
2663
832
91
2664
1285
1649
2665
2666
823
2667
938
638
2668
947
1771
2669
1484
189
2670
1971
1160
2671
1522
43
2672
777
1469
1984
1999
2673
1724
1691
775
2674
677
2675
0
2676
921
1764
2677
2678
1673
835
2679
461
2680
669
1089
2681
2682
594
1945
2683
2684
2685
2686
1020
698
1998
2687
2689
980
2690
877
2691
1467
771
2692
1234
2693
991
2694
2696
1356
2697
2698
315
2699
452
615
2700
2701
142
288
2702
2703
1596
791
2704
537
1912
2705
2706
1725
2707
231
2708
653
2709
862
2710
1280
1531
2711
144
2712
1168
2713
913
1546
1664
1567
2714
448
1655
1949
2715
2716
1272
1678
2717
75
2718
1386
2719
1919
798
2720
1424
1417
1917
1936
2721
177
80
1894
627
2722
661
2723
630
2724
429
1662
248
2725
1974
2726
1095
1535
2727
2728
652
2729
960
2730
1493
112
2731
1365
2732
2733
454
2734
2
225
2735
1634
940
2736
1652
2737
1075
985
2738
1289
2739
1142
1021
1992
2740
2741
1373
1735
2742
346
438
2743
2744
523
2745
1842
889
2746
822
534
2747
426
2748
1502
2749
2750
495
842
2751
739
1821
1252
2752
1776
2753
734
899
2754
2755
2756
243
2757
122
16
2758
629
27
2759
88
2760
1137
1694
2761
601
2762
1046
224
2763
134
1849
2764
2765
1993
2766
1307
1295
2767
642
2768
1627
2769
542
1953
2770
290
1186
2771
1956
1957
2772
829
34
2773
60
1514
2774
148
2775
2776
334
2778
1887
2779
2780
1659
2781
390
2782
1064
625
2783
1822
2784
1738
1701
2785
1448
644
2786
1240
2787
451
1647
459
2788
127
340
2789
2790
2791
1238
2792
1878
2793
147
906
2794
420
2795
1844
521
2796
668
2797
851
2798
1523
2799
1104
1133
1819
2800
1888
1942
2801
717
961
2802
378
1229
576
2803
2804
1660
636
2805
1102
2806
1377
2807
1899
104
2808
2809
364
227
2810
1141
1098
1056
2811
2812
219
2813
1152
365
2814
1309
1310
2815
1494
399
2816
2817
1153
2818
330
731
2819
97
175
2820
1086
2821
703
2822
2823
1340
1496
2824
477
2825
641
1319
2826
2827
2828
2829
995
1613
2830
2831
130
292
2832
799
2833
1381
1575
1401
2834
2835
2836
202
891
2837
608
2838
2839
2840
1428
2841
707
556
1708
2842
943
2843
1003
2844
1882
2845
1604
1443
1935
2846
1178
2847
1303
1707
1143
2848
337
5
916
840
2849
1837
2850
186
277
2852
1679
935
2853
1749
2854
1751
2855
2856
1437
2857
2858
135
2859
443
269
604
2860
2861
494
1743
2862
863
2863
1636
1979
1517
2864
959
2865
1335
2866
2867
890
2868
1088
323
2869
1976
986
482
2870
2871
901
2872
307
2873
1341
2874
157
2875
1440
517
2876
1400
392
2877
21
2878
1025
2879
1384
910
1165
469
2880
1851
289
2881
1573
1404
1916
2882
362
178
2883
844
165
1464
2884
1920
956
2886
149
2887
2888
555
200
2889
600
2890
2891
2892
872
2893
1554
2894
1218
557
2895
937
1077
2896
1308
56
2897
1185
1122
2898
1516
2899
704
1706
609
2900
647
114
2901
1170
2902
1361
9
2903
1011
1030
2904
920
514
2905
2906
1287
584
2907
1149
406
2908
1380
2909
2910
1648
2911
1940
2912
972
11
2913
199
2914
2915
527
2916
2917
728
2918
720
1836
1449
2919
737
2920
249
2921
2922
1557
1895
2923
1237
264
2924
1511
2925
298
168
1334
2926
1614
2927
244
2928
2929
2930
984
2931
167
1731
218
2932
676
1483
2933
1615
119
2934
2935
1548
47
2936
193
2937
1622
2938
692
106
2939
470
2940
85
2941
696
107
2942
848
152
2943
490
981
1988
2944
1367
1864
2945
2946
345
2947
294
450
1177
2948
773
2949
412
2950
1214
598
2951
2952
2953
983
1786
2954
952
1490
2955
232
2956
2957
1683
1588
2958
855
1937
2959
1563
2960
997
2961
563
2962
778
246
2963
181
2964
865
2965
2966
423
1928
2967
222
2968
1187
1806
2969
2970
934
1481
2971
710
2972
2973
568
117
2974
1977
673
2975
2976
2977
1331
834
2978
371
853
2979
150
2980
40
2981
1058
2982
911
1986
1500
2983
1162
648
1772
2984
422
2985
697
2986
1456
2987
964
2988
493
1057
2989
2990
932
1421
2991
2992
2993
821
1736
902
2994
1472
2995
756
2996
96
616
2997
1389
2998
942
1579
242
2999
617
375
3000
1789
790
3001
3002
3003
3004
369
3005
1463
3006
1603
634
3007
6
3008
726
3009
1505
3010
3011
3012
159
3013
1445
3014
433
3015
3016
1371
1225
3017
1866
3019
220
3020
3021
3022
10
124
1788
3024
3025
831
3026
711
767
789
3027
3028
1172
1802
3029
3030
1474
3031
1586
3032
3033
1110
321
3034
736
3035
1487
3036
3037
1545
3038
1543
3039
1226
3040
4
3041
3042
295
3043
3044
1684
719
3045
324
1732
3046
3047
924
3048
1061
3049
657
846
3050
3052
319
3053
1544
1306
3054
1109
1763
3055
460
3056
3057
172
3058
1219
3059
1188
3060
7
1962
1810
3061
1414
3062
384
3063
1010
35
201
3064
815
1826
1879
3065
886
1663
3066
1299
3067
1877
3068
628
1619
208
3069
474
3070
1898
3071
1326
3072
1913
3073
126
3074
476
3075
1520
3076
3077
1809
1805
753
3078
156
1339
1129
3079
410
3080
1527
1468
3081
238
1874
3082
3083
303
3084
897
1638
3085
826
3086
3087
1442
3088
3089
963
1539
3090
3091
3092
699
607
978
3093
74
912
3094
1138
1569
3095
551
359
3096
807
3097
1642
675
869
3098
297
1994
3099
810
3100
3101
1213
1207
3102
880
529
3103
1847
3104
3105
1292
397
3106
3107
3108
1739
3109
1574
3110
679
3111
1000
3112
1929
1144
3113
1158
3114
569
3115
500
3116
372
976
3117
797
3118
554
3119
1985
3120
1455
3121
1646
915
3122
639
3124
1972
3125
389
1996
843
3126
24
1014
3127
574
1860
3128
287
3129
1906
3130
1497
197
3131
257
552
3132
1744
3133
137
1271
1506
3134
19
828
3135
3136
1354
3137
3138
3139
1206
3140
281
360
1915
3141
3142
1950
491
3143
1349
383
3144
1931
3145
3146
550
3147
787
1643
3148
3149
1052
3150
1911
857
1196
3151
73
3152
475
3153
3154
3155
1087
3156
38
3157
3158
1251
3159
1262
649
1039
3160
572
1079
3161
129
3162
62
1167
3163
1035
1934
3164
945
373
3165
1202
3166
1868
3167
738
3168
1825
3169
1047
1923
929
3170
1791
1944
3171
391
1260
3172
1964
1347
3173
1465
3174
455
1779
3175
1750
3176
1598
1245
3177
55
1462
3178
48
3179
388
1317
3180
1770
3181
313
3182
780
3183
87
1184
3184
123
3185
3186
3187
3188
3189
955
3190
3191
271
524
3192
1486
1871
3193
95
1413
3194
1199
3195
1572
3196
3197
1327
3198
3199
783
3661
3864
3970
3691
3854
3667
3637
3646
3839
3848
3620
3746
3814
3631
3792
3712
3827
3991
3929
3994
3955
3630
3638
3865
3735
3914
3781
3776
3835
3882
3611
3625
3907
3959
3985
3812
3904
3690
3925
3780
3704
3750
3605
3699
3734
3896
3919
3614
3873
3673
3830
3949
3674
3924
3851
3671
3989
3903
3728
3872
3986
3911
3727
3741
3917
3669
3908
3791
3898
3811
3678
3901
3621
3993
3961
3766
3859
3666
3972
3724
3742
2091
3813
3773
3920
3890
3626
3670
3963
3849
3636
3967
3610
3884
3695
3847
3708
3880
3938
3877
3870
3662
3987
3622
3975
3743
3905
3845
3885
3818
3840
3680
3788
3950
3960
3624
3748
3774
3693
3696
3650
3738
3834
3858
2145
3634
3796
3867
3980
3719
3764
3976
3899
3772
3756
3953
3710
3862
3649
3739
3745
3819
3815
3897
3951
3752
3798
3983
3810
3820
3676
3777
3981
2186
3801
3977
3843
3644
3915
3653
3703
3723
3931
3999
3717
3886
3857
3922
3883
3733
3612
3615
3679
3879
3982
3711
3633
3652
3694
3685
3973
2228
3804
3930
3795
3947
3833
3609
3732
3604
3701
3793
2247
3852
3647
3937
3926
3601
3869
3730
3720
3881
3962
3721
3619
3808
3964
3817
3822
3945
3623
3966
3762
3861
3838
3836
3935
3806
3784
3657
3731
3828
3629
3677
3900
3603
3936
3997
3628
2324
3709
3737
3655
3689
3763
3918
3658
3656
3846
3761
3790
2347
3618
3934
3921
3946
3672
3714
3779
3923
3659
3616
3645
3600
3747
3783
3856
3990
3602
3668
3928
2388
3826
3800
3663
3768
3829
2403
2404
3767
3754
3878
3765
3998
3606
2427
3706
3971
3643
3871
3705
3891
3887
3785
3906
3855
3992
3952
3639
3760
3778
2471
3988
3771
3943
3664
3698
3759
3974
3654
3965
3700
3799
3954
3809
3850
2520
3635
3665
3941
3697
3803
3892
3888
3984
3876
3824
3758
3825
2570
3736
3716
3831
2583
2589
3715
3912
3860
3675
3895
3844
2615
3968
3837
3683
3613
3713
3753
3794
2650
2657
3902
3608
3640
3607
3832
3744
3751
3978
2688
3875
3684
3866
2695
3632
3893
3910
3942
3979
3775
3805
3889
3874
3948
3718
3769
3755
3642
2777
3940
3913
3707
3916
3789
3816
3995
2851
3627
3842
3749
2885
3725
3617
3797
3786
3944
3757
3853
3686
3018
3023
3863
3821
3641
3051
3841
3939
3681
3868
3932
3807
3688
3740
3969
3123
3956
3782
3682
3996
3726
3660
3317
3570
3302
3204
3491
3559
3339
3454
3258
3554
3537
3556
3377
3273
3522
3407
3220
3591
3413
3540
3227
3326
3358
3288
3585
3359
3368
3519
3513
3503
3484
3371
3489
3332
3455
3242
3584
3231
3223
3338
3269
3321
3349
3341
3351
3499
3496
3511
3547
3536
3404
3469
3364
3419
3441
3210
3214
3380
3384
3398
3224
3369
3392
3507
3216
3487
3447
3335
3551
3385
3416
3396
3593
3526
3543
3598
3299
3479
3466
3550
3313
3295
3228
3432
3328
3435
3238
3525
3329
3483
3586
3218
3232
3305
3546
3533
3298
3473
3403
3357
3276
3247
3449
3542
3573
3529
3277
3263
3582
3239
3515
3552
3564
3530
3468
3333
3230
3244
3246
3538
3252
3312
3568
3509
3307
3314
3541
3282
3417
3418
3266
3289
3287
3453
3397
3217
3237
3577
3531
3578
3558
3450
3281
3562
3207
3462
3446
3464
3240
3599
3388
3342
3486
3500
3399
3574
3493
3233
3284
3324
3331
3408
3400
3205
3490
3555
3251
3504
3443
3257
3268
3476
3271
3379
3250
3581
3290
3459
3524
3222
3209
3477
3393
3319
3336
3200
3316
3300
3514
3353
3557
3521
3346
3386
3481
3571
3427
3527
3383
3322
3387
3374
3411
3421
3415
3457
3362
3575
3225
3390
3249
3296
3363
3245
3243
3260
3544
3347
3375
3373
3470
3478
3292
3311
3437
3563
3460
3253
3310
3596
3482
3520
3523
3422
3592
3517
3301
3535
3445
3539
3471
3337
3206
3318
3262
3580
3569
3293
3501
3414
3219
3424
3201
3361
3512
3203
3264
3448
3451
3572
3401
3234
3382
3516
3286
3376
3420
3498
3467
3306
3315
3395
3265
3458
3428
3587
3465
3270
3391
3433
3497
3236
3208
3405
3561
3553
3381
3583
3474
3350
3267
3548
3279
3492
3566
3452
3461
3202
3502
3506
3215
3430
3283
3410
3285
3330
3308
3212
3274
3229
3221
3579
3588
3394
3344
3480
3226
3241
3434
3235
3436
3389
3343
3345
3327
3248
3494
3272
3370
3412
3534
3360
3320
3485
3495
3378
3595
3439
3334
3510
3255
3589
3365
3505
3597
3304
3211
3431
3488
3518
3425
3261
3256
4000
4001
4002
4003
4004
4005
4006
4007
3927
4008
4009
4010
4011
4012
4013
4014
3729
4015
4016
4017
4018
4019
4020
4021
4022
4023
4024
4025
4026
4027
4028
4029
4030
4031
4032
4033
4034
4035
4036
4037
4038
4039
4040
4041
4042
3823
4043
4044
4045
4046
4047
4048
4049
4050
4051
4052
4053
4054
4055
4056
4057
4058
4059
4060
4061
4062
4063
4064
4065
4066
4067
4068
4069
4070
4071
4072
4073
4074
4075
4076
4077
4078
4079
4080
4081
4082
4083
4084
4085
4086
4087
4088
4089
4090
4091
4092
4093
4094
4095
4096
4097
4098
4099
edges: 
1800, 2000, 0
681, 2000, 0
400, 2001, 0
1754, 2001, 0
1321, 2002, 0
255, 2002, 0
403, 2002, 0
1831, 2003, 0
111, 2003, 0
1316, 2004, 0
700, 2004, 0
591, 2004, 0
212, 2005, 0
1834, 2005, 0
967, 2006, 0
1891, 2006, 0
793, 2007, 0
685, 2007, 0
370, 2007, 0
1669, 2008, 0
882, 2008, 0
1530, 2008, 0
239, 2009, 0
1270, 2009, 0
678, 2009, 0
1085, 2010, 0
1769, 2010, 0
936, 2010, 0
558, 2011, 0
1702, 2011, 0
1784, 2011, 0
522, 2012, 0
310, 2012, 0
1230, 2012, 0
1762, 2012, 0
72, 2013, 0
368, 2013, 0
730, 2013, 0
1723, 2013, 0
1963, 2014, 0
45, 2014, 0
394, 2014, 0
1856, 2015, 0
907, 2015, 0
1856, 2015, 0
1769, 2016, 0
65, 2016, 0
456, 2017, 0
908, 2017, 0
179, 2018, 0
729, 2018, 0
760, 2018, 0
1249, 2018, 0
900, 2019, 0
221, 2019, 0
132, 2020, 0
779, 2020, 0
804, 2020, 0
1353, 2021, 0
1710, 2021, 0
221, 2021, 0
221, 2022, 0
94, 2023, 0
233, 2023, 0
1116, 2023, 0
418, 2024, 0
404, 2024, 0
23, 2024, 0
868, 2025, 0
989, 2025, 0
17, 2026, 0
446, 2026, 0
404, 2027, 0
917, 2027, 0
1503, 2028, 0
241, 2028, 0
309, 2028, 0
1038, 2028, 0
171, 2029, 0
762, 2029, 0
684, 2030, 0
733, 2031, 0
705, 2032, 0
1518, 2033, 0
1607, 2033, 0
30, 2033, 0
1727, 2034, 0
1674, 2034, 0
1235, 2034, 0
1532, 2034, 0
1204, 2035, 0
923, 2035, 0
1478, 2035, 0
833, 2035, 0
1008, 2036, 0
314, 2036, 0
1147, 2036, 0
1244, 2037, 0
1458, 2037, 0
518, 2037, 0
306, 2037, 0
1175, 2038, 0
1981, 2038, 0
591, 2038, 0
1117, 2039, 0
1769, 2040, 0
1073, 2041, 0
970, 2041, 0
367, 2042, 0
954, 2042, 0
1082, 2042, 0
31, 2042, 0
42, 2043, 0
279, 2043, 0
125, 2043, 0
46, 2043, 0
1918, 2044, 0
394, 2044, 0
1298, 2044, 0
611, 2045, 0
398, 2045, 0
774, 2045, 0
819, 2045, 0
457, 2046, 0
1461, 2047, 0
894, 2047, 0
808, 2047, 0
1925, 2047, 0
1680, 2048, 0
1901, 2048, 0
1155, 2048, 0
447, 2049, 0
1130, 2049, 0
1930, 2049, 0
1677, 2050, 0
718, 2050, 0
579, 2051, 0
781, 2052, 0
1159, 2053, 0
1038, 2054, 0
1702, 2054, 0
1742, 2055, 0
1536, 2055, 0
435, 2056, 0
1004, 2056, 0
272, 2057, 0
547, 2057, 0
690, 2058, 0
1938, 2058, 0
1113, 2058, 0
774, 2058, 0
1420, 2059, 0
1446, 2059, 0
302, 2060, 0
1591, 2060, 0
108, 2060, 0
591, 2060, 0
1209, 2061, 0
858, 2061, 0
1907, 2062, 0
989, 2062, 0
90, 2063, 0
1029, 2063, 0
1903, 2064, 0
774, 2064, 0
421, 2064, 0
183, 2065, 0
436, 2065, 0
236, 2066, 0
1605, 2066, 0
1176, 2066, 0
1209, 2067, 0
1265, 2068, 0
1856, 2068, 0
1029, 2068, 0
1549, 2069, 0
1383, 2069, 0
1023, 2070, 0
1224, 2070, 0
221, 2070, 0
1656, 2071, 0
1685, 2071, 0
203, 2071, 0
1391, 2072, 0
1980, 2072, 0
774, 2072, 0
79, 2072, 0
547, 2073, 0
1667, 2073, 0
180, 2073, 0
1004, 2074, 0
1839, 2074, 0
1656, 2074, 0
1351, 2075, 0
868, 2075, 0
1182, 2076, 0
49, 2076, 0
401, 2076, 0
387, 2077, 0
1978, 2077, 0
512, 2077, 0
1146, 2078, 0
41, 2078, 0
1589, 2078, 0
1547, 2078, 0
466, 2079, 0
1015, 2079, 0
841, 2079, 0
472, 2080, 0
1038, 2080, 0
1661, 2081, 0
691, 2081, 0
1004, 2081, 0
183, 2082, 0
605, 2082, 0
261, 2082, 0
230, 2083, 0
31, 2083, 0
610, 2083, 0
1059, 2084, 0
1352, 2084, 0
782, 2085, 0
567, 2085, 0
58, 2086, 0
1305, 2086, 0
914, 2086, 0
1223, 2086, 0
1856, 2087, 0
52, 2087, 0
343, 2087, 0
1174, 2087, 0
183, 2088, 0
1198, 2088, 0
548, 2088, 0
487, 2088, 0
1119, 2088, 0
377, 2089, 0
260, 2089, 0
1066, 2089, 0
431, 2090, 0
241, 2090, 0
1696, 2092, 0
1709, 2092, 0
251, 2093, 0
284, 2094, 0
957, 2094, 0
1597, 2094, 0
1893, 2094, 0
1761, 2094, 0
1121, 2095, 0
1115, 2095, 0
509, 2096, 0
430, 2096, 0
485, 2096, 0
1624, 2097, 0
694, 2097, 0
817, 2098, 0
280, 2099, 0
1359, 2099, 0
745, 2100, 0
1258, 2100, 0
1689, 2100, 0
1859, 2101, 0
1902, 2101, 0
774, 2102, 0
394, 2102, 0
1412, 2103, 0
903, 2103, 0
941, 2103, 0
1093, 2103, 0
1896, 2103, 0
63, 2104, 0
215, 2104, 0
593, 2104, 0
1755, 2105, 0
884, 2106, 0
1406, 2107, 0
1363, 2107, 0
158, 2107, 0
1336, 2108, 0
596, 2108, 0
1628, 2108, 0
1499, 2109, 0
543, 2109, 0
183, 2109, 0
666, 2110, 0
996, 2111, 0
1757, 2111, 0
1625, 2112, 0
1951, 2112, 0
1747, 2112, 0
66, 2113, 0
525, 2113, 0
1672, 2114, 0
1838, 2114, 0
989, 2114, 0
602, 2115, 0
1179, 2115, 0
564, 2115, 0
125, 2116, 0
1538, 2116, 0
1212, 2117, 0
338, 2117, 0
1090, 2118, 0
811, 2118, 0
1803, 2119, 0
102, 2119, 0
116, 2119, 0
1128, 2119, 0
1136, 2120, 0
1782, 2121, 0
286, 2121, 0
1759, 2122, 0
917, 2122, 0
1230, 2122, 0
856, 2123, 0
894, 2123, 0
1507, 2123, 0
987, 2123, 0
1267, 2124, 0
1108, 2124, 0
93, 2125, 0
241, 2125, 0
768, 2125, 0
864, 2125, 0
1530, 2126, 0
917, 2126, 0
1682, 2126, 0
1924, 2127, 0
221, 2127, 0
416, 2127, 0
166, 2128, 0
750, 2128, 0
1680, 2129, 0
133, 2129, 0
235, 2130, 0
1827, 2130, 0
1004, 2130, 0
774, 2130, 0
1450, 2131, 0
1561, 2131, 0
1773, 2131, 0
1959, 2131, 0
1235, 2132, 0
1626, 2132, 0
660, 2132, 0
1927, 2133, 0
1193, 2133, 0
800, 2133, 0
1066, 2134, 0
1281, 2134, 0
1480, 2134, 0
1288, 2134, 0
1833, 2135, 0
1703, 2135, 0
1720, 2136, 0
1532, 2136, 0
28, 2136, 0
1733, 2137, 0
1904, 2137, 0
15, 2138, 0
1605, 2138, 0
748, 2139, 0
957, 2139, 0
1070, 2140, 0
1028, 2140, 0
1350, 2141, 0
1620, 2141, 0
183, 2142, 0
466, 2142, 0
909, 2143, 0
394, 2143, 0
1337, 2144, 0
1576, 2144, 0
905, 2144, 0
1033, 2144, 0
481, 2146, 0
291, 2146, 0
1594, 2147, 0
1351, 2147, 0
1759, 2147, 0
759, 2147, 0
1939, 2148, 0
1078, 2148, 0
489, 2149, 0
183, 2149, 0
273, 2149, 0
115, 2149, 0
1005, 2150, 0
1422, 2150, 0
333, 2150, 0
14, 2151, 0
1062, 2151, 0
1264, 2151, 0
504, 2152, 0
506, 2152, 0
169, 2153, 0
516, 2153, 0
1451, 2154, 0
1910, 2154, 0
1004, 2154, 0
1969, 2155, 0
37, 2155, 0
1777, 2156, 0
1210, 2157, 0
1960, 2157, 0
989, 2157, 0
496, 2157, 0
1148, 2157, 0
1101, 2158, 0
1397, 2158, 0
1526, 2158, 0
1379, 2159, 0
602, 2159, 0
1255, 2160, 0
195, 2160, 0
1834, 2161, 0
1671, 2162, 0
1065, 2162, 0
1804, 2163, 0
1357, 2163, 0
1336, 2164, 0
1269, 2164, 0
1933, 2164, 0
1279, 2165, 0
1861, 2165, 0
1631, 2166, 0
63, 2166, 0
674, 2166, 0
763, 2167, 0
1908, 2167, 0
305, 2168, 0
183, 2168, 0
888, 2168, 0
314, 2168, 0
761, 2169, 0
779, 2169, 0
1253, 2169, 0
265, 2170, 0
812, 2170, 0
796, 2171, 0
1518, 2172, 0
270, 2172, 0
954, 2172, 0
1869, 2173, 0
1686, 2174, 0
1666, 2174, 0
185, 2174, 0
353, 2175, 0
1568, 2175, 0
282, 2176, 0
1680, 2176, 0
1562, 2177, 0
1328, 2177, 0
917, 2178, 0
519, 2178, 0
562, 2178, 0
645, 2179, 0
1909, 2179, 0
1318, 2179, 0
1118, 2179, 0
1274, 2180, 0
1072, 2180, 0
820, 2180, 0
614, 2180, 0
1466, 2181, 0
1313, 2181, 0
1302, 2181, 0
637, 2182, 0
619, 2182, 0
465, 2182, 0
258, 2183, 0
183, 2183, 0
179, 2184, 0
1265, 2184, 0
867, 2184, 0
160, 2184, 0
1388, 2185, 0
480, 2185, 0
581, 2185, 0
1479, 2187, 0
1201, 2187, 0
1823, 2188, 0
182, 2188, 0
1208, 2189, 0
793, 2189, 0
1159, 2190, 0
190, 2191, 0
814, 2191, 0
1702, 2192, 0
121, 2192, 0
928, 2193, 0
1967, 2193, 0
658, 2194, 0
1009, 2194, 0
813, 2195, 0
1867, 2195, 0
774, 2196, 0
918, 2196, 0
806, 2197, 0
1223, 2197, 0
1248, 2197, 0
1243, 2198, 0
774, 2198, 0
1246, 2199, 0
591, 2199, 0
1345, 2200, 0
183, 2200, 0
1323, 2200, 0
1423, 2201, 0
183, 2201, 0
176, 2201, 0
602, 2201, 0
1990, 2202, 0
1856, 2202, 0
847, 2202, 0
650, 2202, 0
505, 2203, 0
151, 2203, 0
593, 2203, 0
866, 2204, 0
480, 2204, 0
77, 2205, 0
1411, 2205, 0
1156, 2206, 0
1216, 2206, 0
1092, 2206, 0
236, 2206, 0
256, 2207, 0
1746, 2207, 0
917, 2208, 0
1519, 2208, 0
471, 2208, 0
602, 2209, 0
487, 2209, 0
559, 2209, 0
1600, 2209, 0
404, 2210, 0
994, 2210, 0
1329, 2211, 0
1171, 2211, 0
57, 2211, 0
1169, 2212, 0
622, 2212, 0
1060, 2213, 0
958, 2213, 0
105, 2214, 0
170, 2214, 0
774, 2214, 0
1510, 2215, 0
1813, 2216, 0
1811, 2216, 0
868, 2216, 0
591, 2217, 0
247, 2217, 0
1995, 2218, 0
892, 2218, 0
1366, 2218, 0
1616, 2219, 0
774, 2219, 0
1318, 2220, 0
499, 2220, 0
215, 2220, 0
1617, 2221, 0
1444, 2221, 0
468, 2222, 0
1990, 2222, 0
1571, 2222, 0
479, 2223, 0
1409, 2224, 0
268, 2224, 0
466, 2224, 0
1038, 2225, 0
917, 2226, 0
1668, 2226, 0
1583, 2226, 0
758, 2226, 0
1834, 2227, 0
721, 2227, 0
1968, 2229, 0
350, 2229, 0
1853, 2230, 0
52, 2231, 0
1135, 2231, 0
944, 2232, 0
772, 2232, 0
1259, 2232, 0
845, 2233, 0
1702, 2233, 0
94, 2233, 0
1550, 2234, 0
1538, 2234, 0
1856, 2235, 0
320, 2235, 0
766, 2235, 0
1351, 2235, 0
1740, 2236, 0
63, 2236, 0
1489, 2237, 0
145, 2238, 0
785, 2239, 0
183, 2239, 0
1116, 2239, 0
1733, 2239, 0
868, 2239, 0
1408, 2239, 0
1301, 2240, 0
998, 2240, 0
343, 2240, 0
408, 2241, 0
1783, 2241, 0
1757, 2241, 0
1983, 2242, 0
774, 2242, 0
1157, 2242, 0
241, 2243, 0
643, 2243, 0
1890, 2243, 0
1482, 2244, 0
259, 2244, 0
1132, 2244, 0
1926, 2245, 0
1419, 2245, 0
1698, 2245, 0
1258, 2246, 0
592, 2248, 0
1757, 2249, 0
1757, 2249, 0
1644, 2250, 0
721, 2250, 0
1597, 2251, 0
1145, 2251, 0
979, 2252, 0
1111, 2253, 0
1729, 2254, 0
394, 2254, 0
241, 2254, 0
12, 2255, 0
1461, 2255, 0
909, 2256, 0
466, 2256, 0
183, 2256, 0
1756, 2257, 0
793, 2257, 0
1358, 2257, 0
1518, 2258, 0
1393, 2258, 0
1241, 2258, 0
1029, 2259, 0
825, 2259, 0
1495, 2259, 0
1897, 2260, 0
896, 2260, 0
1203, 2260, 0
909, 2261, 0
793, 2261, 0
211, 2261, 0
1402, 2262, 0
355, 2263, 0
23, 2263, 0
1441, 2264, 0
1250, 2264, 0
1315, 2264, 0
1017, 2265, 0
486, 2265, 0
811, 2265, 0
1654, 2266, 0
1372, 2266, 0
1194, 2267, 0
724, 2267, 0
314, 2268, 0
240, 2268, 0
1461, 2269, 0
1533, 2269, 0
1314, 2270, 0
1116, 2270, 0
394, 2270, 0
1530, 2271, 0
1004, 2271, 0
1346, 2271, 0
922, 2271, 0
1607, 2272, 0
332, 2272, 0
1812, 2273, 0
743, 2273, 0
394, 2274, 0
561, 2274, 0
1028, 2274, 0
837, 2275, 0
1284, 2275, 0
531, 2275, 0
283, 2276, 0
188, 2276, 0
1528, 2277, 0
1395, 2277, 0
1970, 2278, 0
686, 2278, 0
155, 2278, 0
78, 2279, 0
314, 2279, 0
682, 2280, 0
1387, 2280, 0
1479, 2280, 0
1803, 2281, 0
1914, 2281, 0
1458, 2281, 0
503, 2281, 0
70, 2281, 0
1277, 2282, 0
1530, 2282, 0
1134, 2282, 0
133, 2282, 0
1282, 2282, 0
1325, 2282, 0
1311, 2283, 0
593, 2283, 0
1148, 2284, 0
8, 2285, 0
267, 2286, 0
241, 2286, 0
1889, 2287, 0
1843, 2288, 0
327, 2288, 0
1623, 2289, 0
727, 2290, 0
1430, 2290, 0
612, 2290, 0
735, 2290, 0
42, 2291, 0
183, 2291, 0
1362, 2292, 0
618, 2292, 0
1583, 2292, 0
1856, 2293, 0
1004, 2293, 0
467, 2293, 0
1080, 2294, 0
1705, 2294, 0
1792, 2294, 0
1074, 2295, 0
535, 2295, 0
954, 2296, 0
1752, 2296, 0
1854, 2296, 0
1066, 2297, 0
708, 2297, 0
103, 2297, 0
61, 2298, 0
299, 2299, 0
1125, 2299, 0
110, 2299, 0
672, 2300, 0
996, 2300, 0
1159, 2300, 0
654, 2301, 0
213, 2301, 0
1431, 2302, 0
1774, 2303, 0
64, 2303, 0
1195, 2303, 0
1633, 2303, 0
1140, 2304, 0
25, 2304, 0
68, 2304, 0
116, 2305, 0
349, 2305, 0
183, 2306, 0
1452, 2306, 0
1055, 2306, 0
1501, 2306, 0
1687, 2307, 0
161, 2307, 0
1924, 2308, 0
1991, 2308, 0
1961, 2308, 0
613, 2309, 0
241, 2309, 0
508, 2309, 0
1351, 2310, 0
394, 2310, 0
1697, 2310, 0
1645, 2311, 0
1194, 2311, 0
1670, 2312, 0
770, 2312, 0
776, 2313, 0
1004, 2313, 0
1540, 2313, 0
241, 2314, 0
1256, 2314, 0
974, 2315, 0
705, 2315, 0
1599, 2315, 0
602, 2315, 0
1208, 2316, 0
1712, 2316, 0
1209, 2317, 0
140, 2317, 0
758, 2318, 0
196, 2318, 0
1261, 2318, 0
1982, 2318, 0
1407, 2319, 0
989, 2319, 0
155, 2320, 0
994, 2320, 0
1607, 2321, 0
1436, 2321, 0
561, 2321, 0
893, 2322, 0
1905, 2322, 0
94, 2322, 0
1081, 2322, 0
413, 2323, 0
1043, 2323, 0
597, 2323, 0
1084, 2325, 0
742, 2326, 0
1045, 2326, 0
1730, 2326, 0
894, 2327, 0
769, 2327, 0
893, 2327, 0
546, 2327, 0
1332, 2328, 0
1769, 2328, 0
394, 2328, 0
1728, 2329, 0
1066, 2329, 0
989, 2329, 0
207, 2329, 0
1036, 2330, 0
1728, 2331, 0
1068, 2332, 0
154, 2332, 0
1301, 2333, 0
1542, 2333, 0
528, 2334, 0
183, 2334, 0
589, 2335, 0
374, 2336, 0
1640, 2336, 0
163, 2336, 0
1230, 2337, 0
483, 2337, 0
183, 2337, 0
1896, 2337, 0
1179, 2338, 0
1577, 2338, 0
1127, 2339, 0
1884, 2339, 0
1530, 2339, 0
839, 2339, 0
221, 2340, 0
1532, 2340, 0
1293, 2340, 0
751, 2341, 0
967, 2341, 0
701, 2342, 0
1350, 2342, 0
1203, 2343, 0
1485, 2343, 0
801, 2343, 0
779, 2343, 0
1785, 2344, 0
1282, 2344, 0
214, 2344, 0
993, 2345, 0
274, 2345, 0
1668, 2345, 0
1159, 2346, 0
1027, 2346, 0
951, 2348, 0
191, 2348, 0
1040, 2348, 0
1200, 2348, 0
217, 2348, 0
1650, 2349, 0
1529, 2349, 0
174, 2349, 0
954, 2350, 0
20, 2350, 0
187, 2350, 0
101, 2351, 0
120, 2351, 0
262, 2351, 0
1126, 2352, 0
1843, 2352, 0
15, 2353, 0
234, 2353, 0
216, 2353, 0
735, 2354, 0
241, 2354, 0
386, 2354, 0
664, 2355, 0
982, 2356, 0
802, 2356, 0
301, 2357, 0
774, 2357, 0
241, 2358, 0
1491, 2358, 0
276, 2359, 0
591, 2359, 0
1041, 2359, 0
602, 2360, 0
411, 2360, 0
221, 2361, 0
1477, 2361, 0
1858, 2361, 0
381, 2362, 0
100, 2362, 0
414, 2363, 0
1897, 2363, 0
1480, 2363, 0
885, 2363, 0
1390, 2364, 0
1571, 2364, 0
774, 2365, 0
1665, 2365, 0
1290, 2365, 0
868, 2365, 0
883, 2366, 0
793, 2366, 0
651, 2366, 0
989, 2367, 0
907, 2367, 0
204, 2368, 0
525, 2368, 0
1713, 2369, 0
1639, 2370, 0
198, 2371, 0
1566, 2371, 0
458, 2371, 0
1106, 2372, 0
437, 2372, 0
241, 2373, 0
1394, 2373, 0
1148, 2373, 0
404, 2374, 0
1883, 2374, 0
278, 2375, 0
363, 2375, 0
90, 2376, 0
1769, 2376, 0
352, 2376, 0
1451, 2377, 0
1181, 2377, 0
1458, 2377, 0
353, 2378, 0
1815, 2378, 0
1038, 2379, 0
1835, 2380, 0
1105, 2380, 0
473, 2381, 0
1080, 2381, 0
1192, 2382, 0
146, 2382, 0
342, 2383, 0
989, 2383, 0
1038, 2384, 0
1426, 2384, 0
1369, 2384, 0
1460, 2385, 0
1965, 2385, 0
1680, 2385, 0
591, 2385, 0
824, 2386, 0
1254, 2386, 0
116, 2386, 0
665, 2387, 0
1197, 2387, 0
65, 2389, 0
830, 2389, 0
1769, 2389, 0
272, 2389, 0
809, 2390, 0
466, 2390, 0
336, 2390, 0
1148, 2390, 0
581, 2391, 0
183, 2391, 0
1355, 2391, 0
1553, 2391, 0
138, 2392, 0
1689, 2392, 0
1943, 2393, 0
1330, 2393, 0
1066, 2393, 0
439, 2394, 0
36, 2394, 0
1038, 2394, 0
226, 2394, 0
183, 2395, 0
1885, 2395, 0
917, 2395, 0
98, 2395, 0
347, 2396, 0
458, 2396, 0
879, 2397, 0
577, 2397, 0
1577, 2398, 0
1632, 2398, 0
215, 2398, 0
18, 2399, 0
1759, 2399, 0
1710, 2399, 0
173, 2399, 0
333, 2400, 0
1382, 2400, 0
487, 2400, 0
1112, 2401, 0
539, 2401, 0
548, 2401, 0
1863, 2402, 0
667, 2402, 0
293, 2402, 0
1231, 2405, 0
884, 2405, 0
1296, 2405, 0
71, 2406, 0
65, 2406, 0
1263, 2407, 0
602, 2408, 0
379, 2408, 0
326, 2409, 0
712, 2409, 0
262, 2410, 0
1410, 2410, 0
1066, 2410, 0
816, 2410, 0
254, 2411, 0
1217, 2411, 0
1277, 2412, 0
174, 2412, 0
591, 2412, 0
1702, 2413, 0
1038, 2413, 0
1656, 2413, 0
1471, 2414, 0
1498, 2415, 0
967, 2416, 0
1063, 2417, 0
1488, 2417, 0
1447, 2417, 0
1611, 2418, 0
53, 2418, 0
1513, 2419, 0
1690, 2420, 0
875, 2420, 0
464, 2421, 0
1435, 2421, 0
749, 2422, 0
1430, 2422, 0
1747, 2423, 0
1393, 2423, 0
870, 2423, 0
403, 2424, 0
779, 2424, 0
1352, 2425, 0
318, 2426, 0
1027, 2426, 0
640, 2426, 0
393, 2426, 0
1071, 2428, 0
1050, 2429, 0
1028, 2429, 0
1253, 2429, 0
404, 2430, 0
1232, 2430, 0
1232, 2431, 0
229, 2431, 0
968, 2431, 0
209, 2432, 0
565, 2432, 0
299, 2432, 0
1593, 2433, 0
22, 2433, 0
279, 2434, 0
370, 2434, 0
582, 2434, 0
1173, 2435, 0
591, 2435, 0
183, 2435, 0
536, 2436, 0
241, 2436, 0
1719, 2436, 0
1266, 2437, 0
774, 2437, 0
1856, 2437, 0
538, 2438, 0
1439, 2438, 0
1038, 2439, 0
1004, 2439, 0
1580, 2439, 0
1856, 2440, 0
1902, 2440, 0
721, 2441, 0
656, 2441, 0
1781, 2441, 0
1418, 2441, 0
1209, 2442, 0
1053, 2442, 0
549, 2442, 0
1333, 2442, 0
128, 2442, 0
1049, 2443, 0
385, 2443, 0
241, 2443, 0
50, 2443, 0
296, 2443, 0
971, 2444, 0
1948, 2444, 0
887, 2444, 0
204, 2445, 0
1734, 2445, 0
793, 2445, 0
1675, 2446, 0
667, 2446, 0
936, 2446, 0
1890, 2446, 0
587, 2447, 0
1856, 2447, 0
1595, 2447, 0
428, 2447, 0
1556, 2448, 0
1601, 2448, 0
1702, 2448, 0
1360, 2448, 0
94, 2449, 0
1814, 2450, 0
1044, 2450, 0
1370, 2450, 0
1480, 2450, 0
472, 2451, 0
1757, 2451, 0
26, 2451, 0
541, 2452, 0
67, 2452, 0
404, 2453, 0
1587, 2453, 0
333, 2453, 0
655, 2454, 0
591, 2454, 0
206, 2454, 0
946, 2455, 0
957, 2455, 0
1966, 2456, 0
526, 2456, 0
89, 2456, 0
774, 2457, 0
1922, 2457, 0
336, 2457, 0
1605, 2457, 0
1605, 2458, 0
331, 2458, 0
562, 2458, 0
725, 2458, 0
1066, 2459, 0
1243, 2459, 0
502, 2460, 0
1747, 2460, 0
441, 2460, 0
1447, 2460, 0
336, 2461, 0
927, 2461, 0
1717, 2461, 0
1453, 2461, 0
564, 2461, 0
1787, 2462, 0
1385, 2462, 0
274, 2463, 0
404, 2464, 0
103, 2464, 0
718, 2464, 0
300, 2464, 0
116, 2465, 0
354, 2465, 0
1179, 2466, 0
382, 2466, 0
487, 2467, 0
1715, 2467, 0
1131, 2467, 0
1370, 2468, 0
1324, 2468, 0
532, 2468, 0
1066, 2469, 0
1368, 2469, 0
1947, 2470, 0
228, 2470, 0
1191, 2470, 0
740, 2472, 0
325, 2472, 0
1166, 2473, 0
540, 2473, 0
1221, 2473, 0
533, 2474, 0
1205, 2474, 0
1228, 2474, 0
1803, 2475, 0
1830, 2475, 0
266, 2476, 0
1097, 2476, 0
580, 2476, 0
646, 2477, 0
68, 2477, 0
1571, 2477, 0
183, 2478, 0
404, 2478, 0
1896, 2478, 0
602, 2479, 0
1099, 2479, 0
573, 2479, 0
1926, 2479, 0
453, 2480, 0
1067, 2480, 0
1609, 2481, 0
32, 2481, 0
735, 2481, 0
623, 2481, 0
1343, 2481, 0
1227, 2482, 0
1091, 2482, 0
1411, 2483, 0
688, 2483, 0
1194, 2483, 0
1973, 2484, 0
1856, 2484, 0
1856, 2485, 0
23, 2485, 0
606, 2486, 0
1808, 2486, 0
774, 2487, 0
1767, 2487, 0
948, 2488, 0
155, 2488, 0
1066, 2489, 0
344, 2489, 0
1374, 2489, 0
893, 2490, 0
930, 2490, 0
702, 2490, 0
511, 2491, 0
1658, 2491, 0
1031, 2491, 0
402, 2492, 0
515, 2492, 0
602, 2493, 0
1268, 2493, 0
788, 2493, 0
1582, 2493, 0
671, 2494, 0
52, 2495, 0
1817, 2495, 0
1416, 2495, 0
164, 2496, 0
143, 2496, 0
1412, 2496, 0
192, 2496, 0
183, 2497, 0
1796, 2497, 0
746, 2498, 0
170, 2498, 0
1139, 2498, 0
1103, 2498, 0
1273, 2499, 0
84, 2499, 0
444, 2500, 0
1345, 2500, 0
957, 2501, 0
1392, 2501, 0
1892, 2501, 0
764, 2502, 0
1896, 2502, 0
1107, 2503, 0
1692, 2503, 0
221, 2503, 0
1552, 2504, 0
593, 2505, 0
1700, 2506, 0
1470, 2506, 0
31, 2507, 0
954, 2507, 0
1092, 2508, 0
1769, 2508, 0
1990, 2509, 0
1560, 2510, 0
205, 2510, 0
722, 2510, 0
1037, 2510, 0
1881, 2511, 0
888, 2511, 0
1954, 2511, 0
1668, 2512, 0
874, 2512, 0
827, 2512, 0
1653, 2513, 0
221, 2513, 0
1236, 2514, 0
1541, 2515, 0
1537, 2515, 0
13, 2516, 0
1863, 2516, 0
1016, 2517, 0
1283, 2518, 0
1657, 2518, 0
1275, 2519, 0
1411, 2519, 0
876, 2519, 0
485, 2521, 0
358, 2521, 0
59, 2522, 0
785, 2522, 0
304, 2522, 0
221, 2523, 0
793, 2523, 0
1366, 2524, 0
1352, 2524, 0
788, 2524, 0
440, 2525, 0
1412, 2526, 0
868, 2527, 0
1775, 2527, 0
1136, 2527, 0
427, 2528, 0
1051, 2528, 0
1376, 2528, 0
1461, 2529, 0
1300, 2529, 0
183, 2529, 0
1952, 2530, 0
1059, 2530, 0
472, 2530, 0
1223, 2531, 0
547, 2531, 0
484, 2531, 0
1900, 2531, 0
1668, 2532, 0
194, 2532, 0
804, 2533, 0
183, 2533, 0
380, 2533, 0
1845, 2533, 0
478, 2533, 0
1540, 2534, 0
439, 2534, 0
1580, 2534, 0
1840, 2535, 0
183, 2535, 0
1924, 2536, 0
1856, 2536, 0
353, 2537, 0
396, 2537, 0
116, 2537, 0
258, 2537, 0
1034, 2538, 0
1151, 2539, 0
836, 2539, 0
990, 2539, 0
949, 2540, 0
1183, 2541, 0
774, 2541, 0
1114, 2541, 0
1583, 2541, 0
332, 2541, 0
1397, 2542, 0
602, 2543, 0
1108, 2543, 0
1411, 2543, 0
989, 2543, 0
620, 2544, 0
1551, 2544, 0
571, 2544, 0
432, 2545, 0
1008, 2545, 0
779, 2545, 0
1026, 2545, 0
431, 2546, 0
741, 2546, 0
962, 2546, 0
51, 2546, 0
1841, 2547, 0
400, 2547, 0
838, 2548, 0
999, 2548, 0
409, 2548, 0
285, 2549, 0
879, 2549, 0
1164, 2549, 0
1246, 2550, 0
449, 2550, 0
989, 2551, 0
1530, 2551, 0
794, 2551, 0
1148, 2552, 0
463, 2552, 0
1718, 2552, 0
1807, 2553, 0
1473, 2553, 0
1714, 2553, 0
917, 2554, 0
113, 2554, 0
1189, 2554, 0
431, 2555, 0
631, 2555, 0
139, 2555, 0
1163, 2555, 0
1072, 2555, 0
1781, 2556, 0
99, 2556, 0
907, 2557, 0
1753, 2557, 0
487, 2558, 0
1076, 2558, 0
670, 2558, 0
1322, 2559, 0
1846, 2559, 0
1525, 2560, 0
1019, 2560, 0
241, 2560, 0
1022, 2560, 0
183, 2561, 0
1415, 2561, 0
602, 2562, 0
63, 2562, 0
894, 2563, 0
1333, 2563, 0
1827, 2563, 0
1540, 2564, 0
128, 2564, 0
481, 2564, 0
1530, 2565, 0
1284, 2565, 0
1378, 2566, 0
421, 2566, 0
366, 2567, 0
1856, 2567, 0
1048, 2567, 0
1190, 2568, 0
1592, 2568, 0
758, 2568, 0
109, 2568, 0
65, 2569, 0
223, 2571, 0
904, 2571, 0
919, 2571, 0
1870, 2572, 0
635, 2572, 0
314, 2572, 0
591, 2573, 0
1444, 2573, 0
788, 2573, 0
1918, 2573, 0
727, 2574, 0
591, 2574, 0
1668, 2575, 0
1594, 2575, 0
873, 2576, 0
849, 2576, 0
582, 2577, 0
721, 2577, 0
39, 2577, 0
1294, 2578, 0
487, 2578, 0
445, 2578, 0
1042, 2579, 0
917, 2579, 0
328, 2579, 0
339, 2579, 0
593, 2580, 0
1845, 2580, 0
548, 2581, 0
1297, 2581, 0
1856, 2581, 0
1257, 2581, 0
732, 2581, 0
687, 2582, 0
395, 2582, 0
1875, 2582, 0
1641, 2584, 0
1278, 2584, 0
1001, 2584, 0
850, 2585, 0
1338, 2585, 0
917, 2585, 0
1515, 2586, 0
1578, 2586, 0
793, 2587, 0
1630, 2587, 0
1480, 2588, 0
1179, 2590, 0
1885, 2590, 0
1066, 2590, 0
1246, 2590, 0
1880, 2591, 0
1583, 2591, 0
1027, 2591, 0
816, 2591, 0
1981, 2592, 0
213, 2592, 0
1757, 2593, 0
1291, 2594, 0
462, 2594, 0
599, 2595, 0
923, 2596, 0
854, 2596, 0
1066, 2596, 0
1856, 2597, 0
989, 2597, 0
1332, 2598, 0
1480, 2598, 0
544, 2599, 0
755, 2599, 0
252, 2600, 0
404, 2600, 0
1425, 2600, 0
1570, 2601, 0
695, 2601, 0
553, 2602, 0
1411, 2602, 0
1733, 2602, 0
341, 2603, 0
449, 2603, 0
1403, 2604, 0
1008, 2605, 0
1446, 2605, 0
1820, 2606, 0
174, 2606, 0
1583, 2606, 0
1797, 2607, 0
1434, 2607, 0
308, 2607, 0
793, 2608, 0
1108, 2608, 0
1610, 2608, 0
709, 2608, 0
1348, 2609, 0
1518, 2609, 0
1304, 2609, 0
1006, 2610, 0
578, 2610, 0
621, 2611, 0
241, 2611, 0
917, 2612, 0
415, 2612, 0
488, 2612, 0
714, 2613, 0
316, 2614, 0
1801, 2614, 0
1296, 2614, 0
975, 2616, 0
1848, 2616, 0
589, 2616, 0
1856, 2617, 0
510, 2617, 0
1499, 2617, 0
1581, 2617, 0
1676, 2618, 0
317, 2618, 0
1530, 2618, 0
116, 2619, 0
816, 2619, 0
583, 2620, 0
507, 2620, 0
881, 2620, 0
1066, 2621, 0
236, 2621, 0
183, 2621, 0
1990, 2622, 0
861, 2622, 0
1781, 2623, 0
925, 2623, 0
1101, 2623, 0
357, 2624, 0
23, 2624, 0
1530, 2625, 0
1066, 2625, 0
153, 2625, 0
774, 2625, 0
752, 2626, 0
1855, 2626, 0
417, 2626, 0
1534, 2626, 0
322, 2626, 0
1918, 2627, 0
954, 2627, 0
1432, 2628, 0
1475, 2628, 0
1657, 2628, 0
83, 2629, 0
895, 2629, 0
793, 2630, 0
1799, 2630, 0
1621, 2630, 0
1403, 2631, 0
239, 2631, 0
1669, 2631, 0
957, 2632, 0
595, 2632, 0
987, 2633, 0
1276, 2633, 0
612, 2633, 0
497, 2634, 0
723, 2635, 0
1795, 2635, 0
1711, 2635, 0
1230, 2635, 0
1582, 2635, 0
1131, 2636, 0
245, 2636, 0
1521, 2636, 0
678, 2637, 0
894, 2638, 0
29, 2639, 0
1, 2640, 0
336, 2640, 0
1778, 2640, 0
1747, 2641, 0
275, 2641, 0
1834, 2641, 0
904, 2641, 0
860, 2642, 0
570, 2642, 0
421, 2643, 0
1140, 2643, 0
1395, 2643, 0
1872, 2643, 0
268, 2644, 0
1359, 2645, 0
184, 2645, 0
588, 2646, 0
1282, 2646, 0
1342, 2646, 0
1856, 2647, 0
1897, 2647, 0
965, 2647, 0
716, 2648, 0
241, 2648, 0
1066, 2648, 0
1834, 2649, 0
575, 2649, 0
1695, 2649, 0
241, 2649, 0
1055, 2649, 0
425, 2651, 0
1194, 2651, 0
421, 2651, 0
547, 2652, 0
765, 2653, 0
69, 2653, 0
1012, 2653, 0
1981, 2654, 0
1120, 2654, 0
183, 2655, 0
1223, 2656, 0
621, 2658, 0
1896, 2658, 0
183, 2658, 0
1602, 2659, 0
424, 2660, 0
1605, 2660, 0
466, 2661, 0
1584, 2661, 0
663, 2662, 0
1220, 2662, 0
1896, 2663, 0
832, 2663, 0
91, 2663, 0
1194, 2664, 0
1285, 2664, 0
954, 2664, 0
1649, 2665, 0
316, 2665, 0
954, 2666, 0
1689, 2666, 0
823, 2666, 0
183, 2667, 0
938, 2667, 0
638, 2667, 0
774, 2668, 0
947, 2668, 0
1771, 2669, 0
1484, 2669, 0
189, 2669, 0
241, 2670, 0
1971, 2670, 0
1160, 2670, 0
427, 2671, 0
793, 2671, 0
1522, 2671, 0
43, 2672, 0
777, 2672, 0
1469, 2672, 0
1984, 2672, 0
1999, 2673, 0
1001, 2673, 0
1724, 2673, 0
1691, 2673, 0
775, 2674, 0
314, 2674, 0
28, 2674, 0
677, 2675, 0
1019, 2675, 0
0, 2676, 0
921, 2676, 0
1764, 2677, 0
1224, 2678, 0
1673, 2678, 0
1305, 2678, 0
1004, 2678, 0
835, 2679, 0
1411, 2679, 0
461, 2679, 0
957, 2680, 0
669, 2680, 0
1089, 2680, 0
591, 2681, 0
774, 2681, 0
702, 2682, 0
594, 2682, 0
1945, 2683, 0
31, 2684, 0
1208, 2684, 0
216, 2684, 0
602, 2685, 0
1029, 2686, 0
1769, 2686, 0
1020, 2686, 0
698, 2686, 0
1998, 2687, 0
1351, 2687, 0
1108, 2689, 0
980, 2690, 0
1038, 2690, 0
877, 2691, 0
404, 2691, 0
923, 2691, 0
1467, 2691, 0
771, 2692, 0
1234, 2692, 0
1038, 2692, 0
480, 2693, 0
879, 2693, 0
591, 2693, 0
991, 2694, 0
605, 2694, 0
1518, 2696, 0
1657, 2696, 0
1356, 2697, 0
602, 2698, 0
315, 2698, 0
1084, 2698, 0
793, 2699, 0
452, 2699, 0
1839, 2699, 0
615, 2700, 0
1036, 2701, 0
1297, 2701, 0
142, 2701, 0
288, 2702, 0
610, 2702, 0
58, 2702, 0
1803, 2703, 0
1596, 2703, 0
791, 2704, 0
537, 2704, 0
1912, 2704, 0
987, 2705, 0
1232, 2706, 0
1725, 2706, 0
989, 2707, 0
868, 2707, 0
231, 2708, 0
774, 2708, 0
653, 2709, 0
400, 2709, 0
204, 2709, 0
862, 2710, 0
1280, 2710, 0
602, 2710, 0
907, 2710, 0
1531, 2711, 0
144, 2711, 0
1714, 2712, 0
660, 2712, 0
1168, 2713, 0
913, 2713, 0
1546, 2713, 0
1664, 2713, 0
1567, 2714, 0
448, 2714, 0
1655, 2714, 0
1949, 2715, 0
1990, 2716, 0
1272, 2716, 0
1208, 2716, 0
1678, 2717, 0
75, 2717, 0
507, 2717, 0
458, 2718, 0
1386, 2719, 0
1919, 2719, 0
798, 2719, 0
1605, 2720, 0
1004, 2720, 0
1424, 2720, 0
1417, 2720, 0
1917, 2720, 0
1936, 2721, 0
177, 2721, 0
80, 2721, 0
1894, 2721, 0
627, 2722, 0
989, 2722, 0
241, 2722, 0
661, 2723, 0
1896, 2723, 0
1066, 2723, 0
630, 2724, 0
429, 2724, 0
1662, 2724, 0
248, 2725, 0
1974, 2726, 0
1095, 2726, 0
1535, 2726, 0
1885, 2727, 0
213, 2727, 0
1712, 2727, 0
1781, 2728, 0
652, 2728, 0
1101, 2728, 0
989, 2729, 0
774, 2729, 0
960, 2730, 0
1493, 2730, 0
112, 2731, 0
1365, 2731, 0
923, 2731, 0
349, 2732, 0
591, 2732, 0
115, 2733, 0
454, 2734, 0
2, 2734, 0
1560, 2734, 0
225, 2735, 0
885, 2735, 0
1634, 2735, 0
940, 2736, 0
1652, 2736, 0
1385, 2736, 0
332, 2737, 0
1075, 2737, 0
985, 2737, 0
128, 2737, 0
1333, 2737, 0
751, 2738, 0
1108, 2738, 0
1289, 2739, 0
1004, 2739, 0
1142, 2739, 0
1021, 2739, 0
1992, 2740, 0
774, 2740, 0
221, 2740, 0
341, 2741, 0
1373, 2741, 0
1735, 2742, 0
346, 2742, 0
438, 2743, 0
1076, 2743, 0
558, 2743, 0
1498, 2744, 0
523, 2745, 0
1842, 2745, 0
889, 2745, 0
183, 2746, 0
822, 2746, 0
751, 2746, 0
534, 2747, 0
1108, 2747, 0
394, 2747, 0
426, 2748, 0
1502, 2749, 0
774, 2750, 0
495, 2750, 0
1203, 2750, 0
842, 2751, 0
739, 2751, 0
1821, 2751, 0
1252, 2752, 0
1776, 2752, 0
1171, 2752, 0
562, 2753, 0
734, 2753, 0
899, 2753, 0
15, 2754, 0
403, 2754, 0
1318, 2754, 0
1134, 2754, 0
1769, 2755, 0
921, 2755, 0
1687, 2756, 0
243, 2757, 0
122, 2757, 0
1118, 2757, 0
16, 2758, 0
629, 2758, 0
27, 2758, 0
84, 2759, 0
88, 2759, 0
1130, 2760, 0
1137, 2760, 0
868, 2760, 0
1694, 2761, 0
489, 2761, 0
601, 2762, 0
1046, 2762, 0
224, 2763, 0
134, 2763, 0
1066, 2763, 0
1849, 2763, 0
449, 2763, 0
336, 2764, 0
724, 2764, 0
510, 2765, 0
1993, 2765, 0
650, 2766, 0
1307, 2766, 0
1295, 2767, 0
1101, 2767, 0
642, 2767, 0
256, 2768, 0
1627, 2768, 0
1451, 2769, 0
542, 2769, 0
224, 2769, 0
1953, 2770, 0
290, 2770, 0
1186, 2771, 0
1956, 2771, 0
1957, 2772, 0
829, 2772, 0
845, 2772, 0
34, 2773, 0
60, 2773, 0
678, 2773, 0
1514, 2774, 0
148, 2774, 0
1383, 2775, 0
1336, 2776, 0
1657, 2776, 0
1066, 2776, 0
334, 2776, 0
544, 2778, 0
774, 2778, 0
1887, 2778, 0
333, 2779, 0
1769, 2779, 0
1582, 2779, 0
1382, 2779, 0
116, 2780, 0
1659, 2780, 0
1020, 2781, 0
183, 2781, 0
390, 2781, 0
428, 2782, 0
1064, 2782, 0
625, 2783, 0
868, 2783, 0
893, 2783, 0
1822, 2784, 0
1738, 2784, 0
1701, 2785, 0
1448, 2785, 0
644, 2785, 0
712, 2786, 0
1019, 2786, 0
1240, 2786, 0
64, 2786, 0
1385, 2787, 0
451, 2787, 0
1647, 2787, 0
459, 2788, 0
127, 2788, 0
340, 2789, 0
1757, 2789, 0
1296, 2789, 0
788, 2789, 0
276, 2790, 0
1385, 2790, 0
1861, 2790, 0
1702, 2790, 0
485, 2791, 0
1352, 2791, 0
1238, 2792, 0
1878, 2792, 0
1605, 2792, 0
1902, 2793, 0
147, 2793, 0
906, 2794, 0
420, 2794, 0
512, 2795, 0
1844, 2795, 0
1351, 2795, 0
521, 2796, 0
1350, 2796, 0
668, 2796, 0
183, 2797, 0
1351, 2797, 0
1948, 2797, 0
851, 2798, 0
893, 2798, 0
1523, 2799, 0
1104, 2799, 0
1133, 2799, 0
1819, 2800, 0
1888, 2800, 0
1942, 2800, 0
296, 2801, 0
1369, 2801, 0
717, 2801, 0
961, 2802, 0
154, 2802, 0
378, 2802, 0
1229, 2802, 0
28, 2802, 0
576, 2803, 0
204, 2803, 0
183, 2803, 0
1807, 2804, 0
1660, 2804, 0
636, 2805, 0
1769, 2805, 0
748, 2805, 0
1102, 2806, 0
1377, 2806, 0
1159, 2807, 0
1899, 2807, 0
1518, 2807, 0
104, 2808, 0
774, 2809, 0
268, 2809, 0
364, 2809, 0
1148, 2809, 0
227, 2810, 0
1141, 2810, 0
1098, 2810, 0
1056, 2811, 0
591, 2812, 0
1577, 2812, 0
219, 2813, 0
1152, 2813, 0
241, 2813, 0
365, 2814, 0
1131, 2814, 0
1309, 2814, 0
1310, 2815, 0
1494, 2815, 0
399, 2815, 0
1888, 2816, 0
812, 2816, 0
1811, 2817, 0
1153, 2818, 0
330, 2818, 0
731, 2819, 0
97, 2819, 0
175, 2820, 0
547, 2820, 0
1086, 2820, 0
480, 2821, 0
1004, 2821, 0
1385, 2821, 0
703, 2822, 0
1480, 2822, 0
1159, 2822, 0
1514, 2822, 0
774, 2823, 0
1340, 2823, 0
1496, 2823, 0
1253, 2824, 0
755, 2824, 0
477, 2825, 0
26, 2825, 0
641, 2825, 0
1319, 2826, 0
1843, 2826, 0
115, 2827, 0
1480, 2828, 0
198, 2828, 0
1807, 2828, 0
1411, 2829, 0
995, 2829, 0
1613, 2830, 0
1209, 2830, 0
314, 2830, 0
779, 2831, 0
1605, 2831, 0
130, 2831, 0
1351, 2831, 0
292, 2832, 0
183, 2832, 0
799, 2833, 0
1381, 2833, 0
1575, 2833, 0
1401, 2834, 0
1747, 2835, 0
602, 2835, 0
873, 2836, 0
202, 2836, 0
891, 2837, 0
1224, 2837, 0
608, 2837, 0
398, 2837, 0
602, 2837, 0
779, 2838, 0
1004, 2838, 0
1086, 2839, 0
1351, 2839, 0
481, 2839, 0
1397, 2839, 0
558, 2840, 0
1428, 2840, 0
1644, 2841, 0
707, 2841, 0
556, 2841, 0
1708, 2842, 0
1451, 2842, 0
943, 2842, 0
155, 2843, 0
1003, 2843, 0
1131, 2844, 0
1159, 2844, 0
1882, 2844, 0
660, 2844, 0
453, 2845, 0
1604, 2845, 0
1443, 2845, 0
1935, 2846, 0
1178, 2847, 0
1303, 2847, 0
1707, 2847, 0
1143, 2848, 0
337, 2848, 0
5, 2848, 0
916, 2848, 0
840, 2849, 0
472, 2849, 0
1223, 2849, 0
1837, 2850, 0
186, 2850, 0
277, 2850, 0
353, 2852, 0
1679, 2852, 0
935, 2853, 0
1749, 2853, 0
905, 2854, 0
641, 2854, 0
1751, 2855, 0
480, 2855, 0
954, 2856, 0
774, 2856, 0
1437, 2856, 0
812, 2857, 0
1243, 2857, 0
394, 2858, 0
1893, 2858, 0
135, 2859, 0
443, 2859, 0
269, 2859, 0
604, 2860, 0
404, 2860, 0
1108, 2861, 0
494, 2861, 0
1370, 2861, 0
1743, 2862, 0
863, 2862, 0
1747, 2863, 0
308, 2863, 0
1636, 2863, 0
1979, 2863, 0
1517, 2864, 0
774, 2864, 0
481, 2864, 0
959, 2864, 0
1066, 2865, 0
1335, 2865, 0
755, 2866, 0
671, 2866, 0
343, 2867, 0
890, 2867, 0
845, 2868, 0
1088, 2868, 0
323, 2868, 0
1004, 2869, 0
1976, 2869, 0
986, 2869, 0
482, 2870, 0
179, 2870, 0
50, 2870, 0
1781, 2871, 0
1856, 2871, 0
901, 2872, 0
307, 2872, 0
808, 2873, 0
1341, 2873, 0
279, 2874, 0
157, 2874, 0
544, 2875, 0
1440, 2875, 0
1861, 2875, 0
517, 2876, 0
1400, 2876, 0
392, 2876, 0
1761, 2876, 0
1194, 2877, 0
1159, 2877, 0
21, 2878, 0
1025, 2879, 0
1384, 2879, 0
910, 2879, 0
1165, 2879, 0
469, 2880, 0
258, 2880, 0
1851, 2880, 0
289, 2881, 0
1573, 2881, 0
1404, 2881, 0
1916, 2882, 0
1131, 2882, 0
362, 2882, 0
178, 2882, 0
1583, 2883, 0
844, 2883, 0
165, 2883, 0
1464, 2884, 0
1920, 2884, 0
956, 2884, 0
1473, 2886, 0
591, 2886, 0
149, 2886, 0
1769, 2887, 0
65, 2888, 0
555, 2888, 0
1385, 2888, 0
200, 2889, 0
600, 2890, 0
1064, 2890, 0
774, 2890, 0
308, 2891, 0
1029, 2891, 0
989, 2891, 0
1305, 2892, 0
872, 2892, 0
1953, 2892, 0
480, 2893, 0
1554, 2893, 0
1965, 2894, 0
1218, 2894, 0
557, 2894, 0
1370, 2894, 0
594, 2895, 0
31, 2895, 0
937, 2895, 0
1148, 2895, 0
591, 2895, 0
1077, 2896, 0
1308, 2896, 0
56, 2896, 0
1839, 2897, 0
1185, 2897, 0
1122, 2898, 0
63, 2898, 0
1516, 2899, 0
704, 2899, 0
1706, 2899, 0
609, 2900, 0
647, 2900, 0
114, 2901, 0
1668, 2901, 0
338, 2901, 0
1170, 2902, 0
1361, 2902, 0
331, 2902, 0
9, 2903, 0
1011, 2903, 0
1030, 2903, 0
812, 2904, 0
920, 2904, 0
514, 2904, 0
1038, 2905, 0
394, 2905, 0
816, 2905, 0
1189, 2905, 0
307, 2906, 0
1287, 2906, 0
584, 2907, 0
1149, 2907, 0
406, 2907, 0
241, 2908, 0
655, 2908, 0
1019, 2908, 0
1004, 2908, 0
1380, 2909, 0
1190, 2909, 0
183, 2910, 0
1648, 2911, 0
101, 2911, 0
1940, 2912, 0
972, 2912, 0
11, 2913, 0
199, 2913, 0
333, 2914, 0
343, 2915, 0
527, 2915, 0
1148, 2916, 0
1757, 2917, 0
728, 2917, 0
793, 2918, 0
720, 2918, 0
1836, 2918, 0
1449, 2919, 0
241, 2919, 0
737, 2920, 0
213, 2920, 0
249, 2920, 0
774, 2921, 0
358, 2921, 0
816, 2922, 0
1557, 2922, 0
1895, 2922, 0
1159, 2923, 0
1237, 2923, 0
264, 2924, 0
1203, 2924, 0
1511, 2924, 0
774, 2924, 0
45, 2925, 0
298, 2925, 0
168, 2925, 0
1334, 2926, 0
967, 2926, 0
1594, 2926, 0
1614, 2927, 0
1316, 2927, 0
244, 2928, 0
1856, 2929, 0
917, 2929, 0
1143, 2930, 0
984, 2930, 0
1351, 2931, 0
167, 2931, 0
1731, 2931, 0
218, 2932, 0
676, 2932, 0
591, 2932, 0
1483, 2933, 0
1615, 2933, 0
119, 2934, 0
1480, 2934, 0
1909, 2935, 0
1548, 2935, 0
47, 2935, 0
1530, 2935, 0
547, 2936, 0
193, 2937, 0
1622, 2938, 0
692, 2938, 0
106, 2939, 0
547, 2939, 0
470, 2939, 0
1131, 2940, 0
63, 2940, 0
582, 2940, 0
1108, 2940, 0
85, 2941, 0
696, 2941, 0
107, 2941, 0
103, 2942, 0
848, 2942, 0
152, 2942, 0
1856, 2943, 0
490, 2943, 0
1128, 2943, 0
981, 2943, 0
1988, 2943, 0
1291, 2944, 0
1367, 2944, 0
1864, 2945, 0
1902, 2945, 0
343, 2945, 0
1521, 2946, 0
345, 2946, 0
1143, 2947, 0
294, 2947, 0
450, 2947, 0
1177, 2947, 0
421, 2948, 0
1919, 2948, 0
773, 2949, 0
412, 2950, 0
1214, 2950, 0
598, 2951, 0
1884, 2952, 0
1480, 2953, 0
1209, 2953, 0
983, 2953, 0
431, 2953, 0
1291, 2953, 0
1786, 2954, 0
952, 2954, 0
1490, 2954, 0
1403, 2955, 0
1304, 2955, 0
232, 2955, 0
1644, 2956, 0
1583, 2956, 0
1101, 2957, 0
1683, 2957, 0
481, 2957, 0
1588, 2958, 0
855, 2958, 0
1937, 2958, 0
994, 2958, 0
394, 2959, 0
380, 2959, 0
1373, 2959, 0
779, 2959, 0
1563, 2960, 0
994, 2960, 0
394, 2960, 0
997, 2961, 0
1757, 2961, 0
563, 2962, 0
778, 2962, 0
246, 2963, 0
181, 2963, 0
791, 2963, 0
575, 2964, 0
865, 2964, 0
980, 2964, 0
1757, 2965, 0
989, 2966, 0
868, 2966, 0
423, 2966, 0
1928, 2966, 0
816, 2966, 0
712, 2967, 0
1305, 2967, 0
222, 2968, 0
1864, 2968, 0
1187, 2968, 0
1806, 2969, 0
1004, 2969, 0
1224, 2969, 0
774, 2970, 0
934, 2970, 0
1481, 2970, 0
771, 2971, 0
751, 2971, 0
710, 2972, 0
485, 2973, 0
568, 2973, 0
15, 2973, 0
117, 2974, 0
370, 2974, 0
1977, 2974, 0
673, 2975, 0
721, 2975, 0
222, 2975, 0
1175, 2976, 0
1148, 2977, 0
1331, 2977, 0
834, 2977, 0
183, 2978, 0
371, 2978, 0
853, 2978, 0
893, 2979, 0
812, 2979, 0
150, 2980, 0
40, 2981, 0
1020, 2981, 0
1058, 2982, 0
911, 2982, 0
1986, 2982, 0
1500, 2983, 0
1162, 2983, 0
648, 2983, 0
1772, 2984, 0
105, 2984, 0
422, 2985, 0
1351, 2985, 0
697, 2986, 0
717, 2986, 0
1456, 2986, 0
1896, 2986, 0
168, 2987, 0
964, 2988, 0
493, 2988, 0
1057, 2989, 0
260, 2989, 0
957, 2990, 0
243, 2990, 0
932, 2990, 0
1350, 2990, 0
1421, 2991, 0
1230, 2992, 0
1856, 2993, 0
821, 2993, 0
1736, 2993, 0
902, 2994, 0
1472, 2994, 0
1507, 2994, 0
575, 2995, 0
547, 2995, 0
1263, 2995, 0
756, 2996, 0
96, 2996, 0
616, 2997, 0
1389, 2997, 0
394, 2998, 0
942, 2998, 0
1579, 2998, 0
242, 2999, 0
812, 2999, 0
617, 2999, 0
375, 2999, 0
591, 3000, 0
591, 3000, 0
1789, 3000, 0
917, 3000, 0
790, 3001, 0
696, 3001, 0
1480, 3001, 0
1480, 3002, 0
394, 3002, 0
1076, 3002, 0
1605, 3002, 0
1782, 3003, 0
816, 3004, 0
369, 3004, 0
761, 3005, 0
1463, 3006, 0
1603, 3006, 0
589, 3006, 0
634, 3007, 0
204, 3007, 0
6, 3007, 0
1282, 3008, 0
1485, 3008, 0
726, 3008, 0
1724, 3009, 0
774, 3009, 0
1661, 3009, 0
1505, 3010, 0
601, 3010, 0
1605, 3011, 0
1781, 3011, 0
64, 3012, 0
1194, 3012, 0
1491, 3012, 0
816, 3012, 0
159, 3013, 0
1445, 3013, 0
1571, 3014, 0
433, 3014, 0
900, 3015, 0
1062, 3015, 0
1973, 3016, 0
1371, 3016, 0
1225, 3017, 0
1866, 3017, 0
90, 3019, 0
1803, 3019, 0
220, 3020, 0
427, 3020, 0
65, 3021, 0
612, 3021, 0
728, 3022, 0
10, 3022, 0
124, 3022, 0
1788, 3024, 0
774, 3024, 0
593, 3024, 0
183, 3025, 0
831, 3026, 0
711, 3026, 0
767, 3026, 0
789, 3027, 0
1148, 3028, 0
1172, 3028, 0
1802, 3029, 0
146, 3029, 0
1333, 3030, 0
1238, 3030, 0
1474, 3031, 0
1560, 3031, 0
1586, 3032, 0
236, 3033, 0
1110, 3033, 0
1258, 3033, 0
321, 3033, 0
1491, 3034, 0
736, 3034, 0
273, 3034, 0
1101, 3035, 0
1487, 3035, 0
1159, 3035, 0
1301, 3036, 0
394, 3036, 0
1530, 3037, 0
1545, 3038, 0
378, 3038, 0
1134, 3038, 0
1543, 3039, 0
179, 3039, 0
1226, 3040, 0
4, 3040, 0
1856, 3041, 0
1243, 3042, 0
295, 3043, 0
370, 3043, 0
458, 3043, 0
917, 3044, 0
1684, 3044, 0
719, 3044, 0
1897, 3045, 0
324, 3045, 0
1732, 3046, 0
774, 3047, 0
1116, 3047, 0
924, 3048, 0
702, 3048, 0
1061, 3049, 0
657, 3049, 0
846, 3050, 0
1351, 3050, 0
1757, 3052, 0
319, 3053, 0
1544, 3053, 0
1306, 3054, 0
1109, 3054, 0
1275, 3054, 0
1856, 3054, 0
1763, 3055, 0
936, 3055, 0
779, 3055, 0
793, 3055, 0
460, 3056, 0
954, 3057, 0
172, 3057, 0
449, 3058, 0
1219, 3059, 0
1188, 3059, 0
811, 3060, 0
7, 3060, 0
720, 3060, 0
1962, 3060, 0
1810, 3061, 0
1769, 3061, 0
789, 3061, 0
1414, 3062, 0
1101, 3062, 0
1480, 3062, 0
384, 3063, 0
1010, 3063, 0
35, 3063, 0
201, 3064, 0
815, 3064, 0
1597, 3064, 0
1826, 3064, 0
1879, 3065, 0
808, 3065, 0
886, 3065, 0
1702, 3065, 0
1663, 3066, 0
1299, 3067, 0
1877, 3067, 0
58, 3067, 0
1066, 3068, 0
628, 3068, 0
1619, 3068, 0
208, 3069, 0
333, 3069, 0
474, 3070, 0
1898, 3071, 0
241, 3071, 0
1326, 3071, 0
114, 3072, 0
1141, 3072, 0
1913, 3072, 0
394, 3073, 0
774, 3073, 0
126, 3074, 0
476, 3074, 0
205, 3074, 0
15, 3075, 0
1520, 3076, 0
540, 3076, 0
1661, 3076, 0
1605, 3077, 0
996, 3077, 0
1809, 3077, 0
1805, 3077, 0
753, 3078, 0
156, 3078, 0
1339, 3078, 0
1129, 3079, 0
410, 3079, 0
404, 3079, 0
57, 3080, 0
1527, 3080, 0
1004, 3080, 0
1468, 3081, 0
238, 3081, 0
1874, 3082, 0
885, 3082, 0
601, 3083, 0
602, 3083, 0
303, 3083, 0
815, 3084, 0
411, 3084, 0
897, 3084, 0
128, 3084, 0
1638, 3085, 0
826, 3086, 0
1355, 3086, 0
930, 3087, 0
1442, 3087, 0
1162, 3088, 0
562, 3088, 0
1038, 3089, 0
1480, 3089, 0
1607, 3089, 0
963, 3089, 0
1539, 3090, 0
183, 3090, 0
1607, 3091, 0
1318, 3091, 0
665, 3092, 0
811, 3092, 0
699, 3092, 0
607, 3092, 0
1415, 3092, 0
978, 3093, 0
74, 3093, 0
912, 3094, 0
1138, 3094, 0
1569, 3094, 0
1686, 3095, 0
551, 3095, 0
359, 3096, 0
1101, 3096, 0
404, 3096, 0
807, 3097, 0
1642, 3097, 0
675, 3097, 0
869, 3098, 0
297, 3098, 0
1290, 3098, 0
1994, 3099, 0
810, 3099, 0
721, 3100, 0
1473, 3100, 0
605, 3101, 0
1004, 3101, 0
1213, 3101, 0
1207, 3102, 0
880, 3102, 0
529, 3103, 0
241, 3103, 0
1847, 3103, 0
549, 3104, 0
529, 3105, 0
1292, 3105, 0
397, 3106, 0
717, 3106, 0
1677, 3106, 0
1411, 3106, 0
866, 3107, 0
1304, 3108, 0
774, 3108, 0
1739, 3109, 0
1228, 3109, 0
1574, 3110, 0
679, 3110, 0
605, 3110, 0
472, 3111, 0
1000, 3112, 0
1929, 3112, 0
1144, 3112, 0
1461, 3113, 0
1165, 3113, 0
1158, 3114, 0
16, 3114, 0
569, 3114, 0
1066, 3114, 0
1657, 3115, 0
1577, 3115, 0
500, 3115, 0
1004, 3116, 0
372, 3116, 0
976, 3116, 0
1055, 3117, 0
721, 3117, 0
1668, 3117, 0
797, 3118, 0
183, 3118, 0
554, 3118, 0
655, 3118, 0
687, 3118, 0
547, 3119, 0
1985, 3119, 0
1656, 3120, 0
10, 3120, 0
1455, 3121, 0
930, 3121, 0
1646, 3121, 0
915, 3122, 0
639, 3122, 0
602, 3124, 0
1064, 3124, 0
115, 3124, 0
1668, 3124, 0
1972, 3125, 0
389, 3125, 0
1996, 3125, 0
843, 3126, 0
24, 3126, 0
64, 3126, 0
1014, 3127, 0
574, 3127, 0
1860, 3127, 0
994, 3128, 0
1189, 3128, 0
772, 3128, 0
287, 3128, 0
159, 3128, 0
696, 3129, 0
1906, 3130, 0
923, 3130, 0
1497, 3130, 0
518, 3130, 0
197, 3130, 0
873, 3131, 0
257, 3131, 0
552, 3131, 0
1223, 3132, 0
1744, 3132, 0
1781, 3133, 0
1495, 3133, 0
137, 3133, 0
1271, 3133, 0
1506, 3134, 0
19, 3134, 0
828, 3135, 0
970, 3135, 0
1165, 3136, 0
1354, 3136, 0
1352, 3137, 0
989, 3137, 0
1350, 3137, 0
408, 3138, 0
1940, 3138, 0
179, 3139, 0
1937, 3139, 0
1206, 3140, 0
281, 3140, 0
360, 3140, 0
1156, 3140, 0
1915, 3141, 0
1981, 3141, 0
1702, 3141, 0
1135, 3142, 0
1950, 3142, 0
1430, 3142, 0
491, 3143, 0
547, 3143, 0
1349, 3143, 0
1028, 3143, 0
383, 3144, 0
1764, 3144, 0
1931, 3145, 0
1981, 3145, 0
449, 3146, 0
550, 3147, 0
787, 3147, 0
1643, 3148, 0
774, 3148, 0
400, 3149, 0
1583, 3149, 0
1052, 3150, 0
1911, 3150, 0
857, 3150, 0
1196, 3151, 0
73, 3151, 0
225, 3151, 0
923, 3152, 0
475, 3152, 0
1540, 3153, 0
431, 3153, 0
1066, 3154, 0
394, 3155, 0
1359, 3155, 0
1087, 3155, 0
1715, 3156, 0
811, 3156, 0
1757, 3156, 0
38, 3156, 0
1628, 3157, 0
1769, 3157, 0
1744, 3158, 0
1251, 3159, 0
1262, 3159, 0
649, 3159, 0
1039, 3160, 0
572, 3160, 0
1079, 3160, 0
449, 3161, 0
1179, 3161, 0
489, 3161, 0
129, 3162, 0
1880, 3162, 0
1115, 3162, 0
893, 3162, 0
62, 3162, 0
1167, 3163, 0
1253, 3163, 0
923, 3163, 0
1035, 3163, 0
1934, 3164, 0
945, 3164, 0
1952, 3164, 0
373, 3165, 0
231, 3165, 0
842, 3165, 0
1202, 3166, 0
1532, 3166, 0
1868, 3167, 0
338, 3167, 0
588, 3167, 0
738, 3168, 0
1446, 3168, 0
1825, 3168, 0
1163, 3169, 0
1047, 3169, 0
1923, 3169, 0
929, 3170, 0
1791, 3170, 0
1944, 3171, 0
866, 3171, 0
391, 3171, 0
1260, 3172, 0
1964, 3172, 0
1347, 3172, 0
40, 3173, 0
1465, 3173, 0
217, 3173, 0
618, 3174, 0
455, 3174, 0
474, 3174, 0
1779, 3175, 0
1750, 3176, 0
1179, 3176, 0
1598, 3176, 0
1245, 3176, 0
1833, 3177, 0
55, 3177, 0
1462, 3178, 0
48, 3179, 0
388, 3179, 0
1317, 3179, 0
1562, 3180, 0
1250, 3180, 0
751, 3180, 0
1770, 3181, 0
313, 3181, 0
235, 3182, 0
1108, 3182, 0
780, 3183, 0
87, 3183, 0
1184, 3183, 0
241, 3184, 0
471, 3184, 0
123, 3185, 0
1461, 3185, 0
718, 3186, 0
1187, 3186, 0
1352, 3186, 0
1831, 3187, 0
1668, 3188, 0
355, 3188, 0
1140, 3188, 0
774, 3189, 0
955, 3189, 0
1549, 3189, 0
793, 3190, 0
816, 3190, 0
1036, 3190, 0
1333, 3191, 0
271, 3191, 0
524, 3191, 0
336, 3191, 0
63, 3192, 0
1926, 3192, 0
1486, 3192, 0
1871, 3193, 0
95, 3193, 0
1413, 3193, 0
1781, 3194, 0
1664, 3194, 0
1199, 3194, 0
758, 3195, 0
1572, 3195, 0
241, 3196, 0
1576, 3196, 0
989, 3197, 0
1327, 3197, 0
128, 3198, 0
342, 3199, 0
783, 3199, 0
2000, 3661, 1
2001, 3864, 1
2002, 3970, 1
2003, 3691, 1
2004, 3854, 1
2005, 3667, 1
2006, 3637, 1
2007, 3646, 1
2008, 3839, 1
2009, 3848, 1
2010, 3620, 1
2011, 3746, 1
2012, 3814, 1
2013, 3631, 1
2014, 3792, 1
2015, 3712, 1
2016, 3827, 1
2017, 3991, 1
2018, 3667, 1
2019, 3929, 1
2020, 3994, 1
2021, 3955, 1
2022, 3630, 1
2023, 3638, 1
2024, 3865, 1
2025, 3735, 1
2026, 3914, 1
2027, 3781, 1
2028, 3776, 1
2029, 3835, 1
2030, 3882, 1
2031, 3611, 1
2032, 3625, 1
2033, 3907, 1
2034, 3959, 1
2035, 3985, 1
2036, 3835, 1
2037, 3812, 1
2038, 3904, 1
2039, 3691, 1
2040, 3690, 1
2041, 3925, 1
2042, 3667, 1
2043, 3780, 1
2044, 3704, 1
2045, 3750, 1
2046, 3605, 1
2047, 3699, 1
2048, 3734, 1
2049, 3896, 1
2050, 3781, 1
2051, 3919, 1
2052, 3734, 1
2053, 3614, 1
2054, 3873, 1
2055, 3673, 1
2056, 3830, 1
2057, 3949, 1
2058, 3674, 1
2059, 3924, 1
2060, 3851, 1
2061, 3671, 1
2062, 3989, 1
2063, 3903, 1
2064, 3728, 1
2065, 3872, 1
2066, 3986, 1
2067, 3911, 1
2068, 3727, 1
2069, 3741, 1
2070, 3917, 1
2071, 3727, 1
2072, 3669, 1
2073, 3908, 1
2074, 3791, 1
2075, 3898, 1
2076, 3811, 1
2077, 3678, 1
2078, 3901, 1
2079, 3621, 1
2080, 3993, 1
2081, 3961, 1
2082, 3766, 1
2083, 3712, 1
2084, 3859, 1
2085, 3666, 1
2086, 3646, 1
2087, 3972, 1
2088, 3728, 1
2089, 3724, 1
2090, 3742, 1
2091, 3813, 1
2092, 3773, 1
2093, 3920, 1
2094, 3890, 1
2095, 3813, 1
2096, 3626, 1
2097, 3699, 1
2098, 3670, 1
2099, 3963, 1
2100, 3631, 1
2101, 3925, 1
2102, 3849, 1
2103, 3636, 1
2104, 3967, 1
2105, 3610, 1
2106, 3884, 1
2107, 3695, 1
2108, 3847, 1
2109, 3611, 1
2110, 3708, 1
2111, 3814, 1
2112, 3880, 1
2113, 3938, 1
2114, 3877, 1
2115, 3791, 1
2116, 3870, 1
2117, 3662, 1
2118, 3987, 1
2119, 3622, 1
2120, 3975, 1
2121, 3955, 1
2122, 3743, 1
2123, 3905, 1
2124, 3845, 1
2125, 3885, 1
2126, 3818, 1
2127, 3907, 1
2128, 3840, 1
2129, 3727, 1
2130, 3680, 1
2131, 3788, 1
2132, 3950, 1
2133, 3960, 1
2134, 3830, 1
2135, 3624, 1
2136, 3748, 1
2137, 3774, 1
2138, 3693, 1
2139, 3696, 1
2140, 3650, 1
2141, 3738, 1
2142, 3834, 1
2143, 3865, 1
2144, 3858, 1
2145, 3634, 1
2146, 3796, 1
2147, 3867, 1
2148, 3961, 1
2149, 3980, 1
2150, 3719, 1
2151, 3764, 1
2152, 3776, 1
2153, 3680, 1
2154, 3976, 1
2155, 3899, 1
2156, 3772, 1
2157, 3756, 1
2158, 3953, 1
2159, 3970, 1
2160, 3691, 1
2161, 3864, 1
2162, 3710, 1
2163, 3862, 1
2164, 3649, 1
2165, 3630, 1
2166, 3739, 1
2167, 3745, 1
2168, 3819, 1
2169, 3815, 1
2170, 3897, 1
2171, 3951, 1
2172, 3752, 1
2173, 3798, 1
2174, 3983, 1
2175, 3896, 1
2176, 3810, 1
2177, 3630, 1
2178, 3820, 1
2179, 3991, 1
2180, 3680, 1
2181, 3676, 1
2182, 3810, 1
2183, 3777, 1
2184, 3986, 1
2185, 3981, 1
2186, 3801, 1
2187, 3873, 1
2188, 3977, 1
2189, 3848, 1
2190, 3843, 1
2191, 3646, 1
2192, 3801, 1
2193, 3644, 1
2194, 3915, 1
2195, 3884, 1
2196, 3653, 1
2197, 3818, 1
2198, 3703, 1
2199, 3723, 1
2200, 3931, 1
2201, 3999, 1
2202, 3717, 1
2203, 3886, 1
2204, 3857, 1
2205, 3922, 1
2206, 3951, 1
2207, 3883, 1
2208, 3733, 1
2209, 3612, 1
2210, 3615, 1
2211, 3636, 1
2212, 3679, 1
2213, 3879, 1
2214, 3982, 1
2215, 3818, 1
2216, 3711, 1
2217, 3798, 1
2218, 3650, 1
2219, 3633, 1
2220, 3652, 1
2221, 3950, 1
2222, 3699, 1
2223, 3994, 1
2224, 3694, 1
2225, 3685, 1
2226, 3919, 1
2227, 3973, 1
2228, 3811, 1
2229, 3615, 1
2230, 3804, 1
2231, 3885, 1
2232, 3930, 1
2233, 3693, 1
2234, 3907, 1
2235, 3795, 1
2236, 3955, 1
2237, 3947, 1
2238, 3833, 1
2239, 3609, 1
2240, 3977, 1
2241, 3732, 1
2242, 3604, 1
2243, 3667, 1
2244, 3701, 1
2245, 3604, 1
2246, 3793, 1
2247, 3633, 1
2248, 3835, 1
2249, 3699, 1
2250, 3727, 1
2251, 3852, 1
2252, 3647, 1
2253, 3937, 1
2254, 3926, 1
2255, 3857, 1
2256, 3883, 1
2257, 3873, 1
2258, 3982, 1
2259, 3827, 1
2260, 3601, 1
2261, 3869, 1
2262, 3953, 1
2263, 3703, 1
2264, 3730, 1
2265, 3679, 1
2266, 3708, 1
2267, 3720, 1
2268, 3881, 1
2269, 3676, 1
2270, 3962, 1
2271, 3721, 1
2272, 3619, 1
2273, 3808, 1
2274, 3964, 1
2275, 3817, 1
2276, 3822, 1
2277, 3911, 1
2278, 3815, 1
2279, 3711, 1
2280, 3610, 1
2281, 3724, 1
2282, 3857, 1
2283, 3858, 1
2284, 3650, 1
2285, 3945, 1
2286, 3907, 1
2287, 3623, 1
2288, 3966, 1
2289, 3694, 1
2290, 3625, 1
2291, 3970, 1
2292, 3621, 1
2293, 3907, 1
2294, 3983, 1
2295, 3950, 1
2296, 3762, 1
2297, 3861, 1
2298, 3980, 1
2299, 3772, 1
2300, 3638, 1
2301, 3788, 1
2302, 3838, 1
2303, 3836, 1
2304, 3935, 1
2305, 3806, 1
2306, 3601, 1
2307, 3784, 1
2308, 3638, 1
2309, 3657, 1
2310, 3839, 1
2311, 3731, 1
2312, 3828, 1
2313, 3629, 1
2314, 3677, 1
2315, 3662, 1
2316, 3900, 1
2317, 3830, 1
2318, 3603, 1
2319, 3985, 1
2320, 3936, 1
2321, 3967, 1
2322, 3997, 1
2323, 3628, 1
2324, 3867, 1
2325, 3601, 1
2326, 3752, 1
2327, 3669, 1
2328, 3839, 1
2329, 3709, 1
2330, 3819, 1
2331, 3737, 1
2332, 3732, 1
2333, 3623, 1
2334, 3655, 1
2335, 3689, 1
2336, 3763, 1
2337, 3918, 1
2338, 3959, 1
2339, 3658, 1
2340, 3731, 1
2341, 3656, 1
2342, 3846, 1
2343, 3761, 1
2344, 3790, 1
2345, 3999, 1
2346, 3662, 1
2347, 3618, 1
2348, 3934, 1
2349, 3921, 1
2350, 3917, 1
2351, 3946, 1
2352, 3672, 1
2353, 3714, 1
2354, 3656, 1
2355, 3746, 1
2356, 3779, 1
2357, 3923, 1
2358, 3659, 1
2359, 3854, 1
2360, 3828, 1
2361, 3616, 1
2362, 3896, 1
2363, 3625, 1
2364, 3645, 1
2365, 3600, 1
2366, 3609, 1
2367, 3747, 1
2368, 3783, 1
2369, 3677, 1
2370, 3689, 1
2371, 3674, 1
2372, 3818, 1
2373, 3851, 1
2374, 3623, 1
2375, 3839, 1
2376, 3856, 1
2377, 3990, 1
2378, 3602, 1
2379, 3798, 1
2380, 3668, 1
2381, 3907, 1
2382, 3783, 1
2383, 3928, 1
2384, 3820, 1
2385, 3827, 1
2386, 3795, 1
2387, 3717, 1
2388, 3653, 1
2389, 3899, 1
2390, 3826, 1
2391, 3975, 1
2392, 3800, 1
2393, 3735, 1
2394, 3663, 1
2395, 3791, 1
2396, 3768, 1
2397, 3728, 1
2398, 3628, 1
2399, 3616, 1
2400, 3637, 1
2401, 3829, 1
2402, 3822, 1
2403, 3677, 1
2404, 3791, 1
2405, 3877, 1
2406, 3624, 1
2407, 3658, 1
2408, 3767, 1
2409, 3951, 1
2410, 3993, 1
2411, 3994, 1
2412, 3946, 1
2413, 3947, 1
2414, 3610, 1
2415, 3830, 1
2416, 3738, 1
2417, 3754, 1
2418, 3878, 1
2419, 3708, 1
2420, 3765, 1
2421, 3864, 1
2422, 3815, 1
2423, 3704, 1
2424, 3998, 1
2425, 3950, 1
2426, 3606, 1
2427, 3602, 1
2428, 3706, 1
2429, 3987, 1
2430, 3784, 1
2431, 3971, 1
2432, 3643, 1
2433, 3631, 1
2434, 3721, 1
2435, 3781, 1
2436, 3871, 1
2437, 3998, 1
2438, 3858, 1
2439, 3848, 1
2440, 3971, 1
2441, 3705, 1
2442, 3891, 1
2443, 3765, 1
2444, 3721, 1
2445, 3929, 1
2446, 3833, 1
2447, 3901, 1
2448, 3720, 1
2449, 3887, 1
2450, 3638, 1
2451, 3785, 1
2452, 3742, 1
2453, 3906, 1
2454, 3600, 1
2455, 3855, 1
2456, 3992, 1
2457, 3603, 1
2458, 3906, 1
2459, 3907, 1
2460, 3998, 1
2461, 3679, 1
2462, 3752, 1
2463, 3610, 1
2464, 3952, 1
2465, 3639, 1
2466, 3760, 1
2467, 3773, 1
2468, 3851, 1
2469, 3778, 1
2470, 3898, 1
2471, 3988, 1
2472, 3748, 1
2473, 3771, 1
2474, 3999, 1
2475, 3808, 1
2476, 3801, 1
2477, 3943, 1
2478, 3873, 1
2479, 3857, 1
2480, 3943, 1
2481, 3621, 1
2482, 3738, 1
2483, 3664, 1
2484, 3768, 1
2485, 3703, 1
2486, 3698, 1
2487, 3790, 1
2488, 3735, 1
2489, 3609, 1
2490, 3695, 1
2491, 3886, 1
2492, 3759, 1
2493, 3829, 1
2494, 3742, 1
2495, 3987, 1
2496, 3870, 1
2497, 3612, 1
2498, 3974, 1
2499, 3654, 1
2500, 3965, 1
2501, 3700, 1
2502, 3799, 1
2503, 3851, 1
2504, 3901, 1
2505, 3954, 1
2506, 3705, 1
2507, 3653, 1
2508, 3931, 1
2509, 3658, 1
2510, 3754, 1
2511, 3819, 1
2512, 3908, 1
2513, 3809, 1
2514, 3946, 1
2515, 3850, 1
2516, 3977, 1
2517, 3773, 1
2518, 3741, 1
2519, 3982, 1
2520, 3635, 1
2521, 3796, 1
2522, 3665, 1
2523, 3941, 1
2524, 3788, 1
2525, 3836, 1
2526, 3609, 1
2527, 3691, 1
2528, 3904, 1
2529, 3981, 1
2530, 3747, 1
2531, 3697, 1
2532, 3689, 1
2533, 3800, 1
2534, 3600, 1
2535, 3667, 1
2536, 3983, 1
2537, 3878, 1
2538, 3803, 1
2539, 3600, 1
2540, 3892, 1
2541, 3911, 1
2542, 3635, 1
2543, 3870, 1
2544, 3999, 1
2545, 3888, 1
2546, 3658, 1
2547, 3917, 1
2548, 3984, 1
2549, 3876, 1
2550, 3619, 1
2551, 3603, 1
2552, 3610, 1
2553, 3824, 1
2554, 3804, 1
2555, 3735, 1
2556, 3676, 1
2557, 3601, 1
2558, 3829, 1
2559, 3987, 1
2560, 3758, 1
2561, 3947, 1
2562, 3658, 1
2563, 3784, 1
2564, 3947, 1
2565, 3825, 1
2566, 3631, 1
2567, 3806, 1
2568, 3709, 1
2569, 3897, 1
2570, 3970, 1
2571, 3847, 1
2572, 3736, 1
2573, 3818, 1
2574, 3964, 1
2575, 3698, 1
2576, 3754, 1
2577, 3716, 1
2578, 3949, 1
2579, 3831, 1
2580, 3696, 1
2581, 3858, 1
2582, 3890, 1
2583, 3963, 1
2584, 3689, 1
2585, 3946, 1
2586, 3605, 1
2587, 3745, 1
2588, 3708, 1
2589, 3923, 1
2590, 3715, 1
2591, 3912, 1
2592, 3860, 1
2593, 3892, 1
2594, 3680, 1
2595, 3675, 1
2596, 3881, 1
2597, 3705, 1
2598, 3606, 1
2599, 3991, 1
2600, 3960, 1
2601, 3738, 1
2602, 3614, 1
2603, 3895, 1
2604, 3991, 1
2605, 3663, 1
2606, 3906, 1
2607, 3844, 1
2608, 3791, 1
2609, 3917, 1
2610, 3880, 1
2611, 3936, 1
2612, 3922, 1
2613, 3965, 1
2614, 3791, 1
2615, 3968, 1
2616, 3897, 1
2617, 3601, 1
2618, 3779, 1
2619, 3694, 1
2620, 3676, 1
2621, 3972, 1
2622, 3906, 1
2623, 3621, 1
2624, 3851, 1
2625, 3837, 1
2626, 3818, 1
2627, 3988, 1
2628, 3683, 1
2629, 3883, 1
2630, 3884, 1
2631, 3613, 1
2632, 3746, 1
2633, 3937, 1
2634, 3675, 1
2635, 3638, 1
2636, 3914, 1
2637, 3808, 1
2638, 3656, 1
2639, 3693, 1
2640, 3766, 1
2641, 3713, 1
2642, 3647, 1
2643, 3753, 1
2644, 3974, 1
2645, 3794, 1
2646, 3754, 1
2647, 3843, 1
2648, 3830, 1
2649, 3877, 1
2650, 3623, 1
2651, 3661, 1
2652, 3992, 1
2653, 3891, 1
2654, 3715, 1
2655, 3720, 1
2656, 3647, 1
2657, 3653, 1
2658, 3864, 1
2659, 3902, 1
2660, 3608, 1
2661, 3986, 1
2662, 3670, 1
2663, 3640, 1
2664, 3737, 1
2665, 3737, 1
2666, 3774, 1
2667, 3831, 1
2668, 3607, 1
2669, 3832, 1
2670, 3744, 1
2671, 3751, 1
2672, 3993, 1
2673, 3978, 1
2674, 3746, 1
2675, 3833, 1
2676, 3876, 1
2677, 3620, 1
2678, 3637, 1
2679, 3613, 1
2680, 3878, 1
2681, 3799, 1
2682, 3871, 1
2683, 3981, 1
2684, 3706, 1
2685, 3997, 1
2686, 3844, 1
2687, 3912, 1
2688, 3620, 1
2689, 3875, 1
2690, 3684, 1
2691, 3993, 1
2692, 3981, 1
2693, 3806, 1
2694, 3866, 1
2695, 3750, 1
2696, 3878, 1
2697, 3776, 1
2698, 3959, 1
2699, 3828, 1
2700, 3760, 1
2701, 3742, 1
2702, 3632, 1
2703, 3671, 1
2704, 3855, 1
2705, 3618, 1
2706, 3839, 1
2707, 3645, 1
2708, 3647, 1
2709, 3988, 1
2710, 3893, 1
2711, 3793, 1
2712, 3719, 1
2713, 3778, 1
2714, 3922, 1
2715, 3706, 1
2716, 3798, 1
2717, 3830, 1
2718, 3826, 1
2719, 3685, 1
2720, 3744, 1
2721, 3973, 1
2722, 3708, 1
2723, 3673, 1
2724, 3952, 1
2725, 3607, 1
2726, 3646, 1
2727, 3612, 1
2728, 3910, 1
2729, 3832, 1
2730, 3942, 1
2731, 3605, 1
2732, 3926, 1
2733, 3989, 1
2734, 3979, 1
2735, 3775, 1
2736, 3982, 1
2737, 3618, 1
2738, 3938, 1
2739, 3689, 1
2740, 3784, 1
2741, 3805, 1
2742, 3935, 1
2743, 3827, 1
2744, 3851, 1
2745, 3889, 1
2746, 3608, 1
2747, 3934, 1
2748, 3874, 1
2749, 3949, 1
2750, 3893, 1
2751, 3986, 1
2752, 3948, 1
2753, 3695, 1
2754, 3678, 1
2755, 3718, 1
2756, 3676, 1
2757, 3993, 1
2758, 3836, 1
2759, 3790, 1
2760, 3874, 1
2761, 3769, 1
2762, 3865, 1
2763, 3792, 1
2764, 3945, 1
2765, 3779, 1
2766, 3755, 1
2767, 3983, 1
2768, 3818, 1
2769, 3642, 1
2770, 3642, 1
2771, 3819, 1
2772, 3783, 1
2773, 3809, 1
2774, 3912, 1
2775, 3708, 1
2776, 3745, 1
2777, 3886, 1
2778, 3662, 1
2779, 3892, 1
2780, 3872, 1
2781, 3669, 1
2782, 3949, 1
2783, 3940, 1
2784, 3700, 1
2785, 3697, 1
2786, 3888, 1
2787, 3669, 1
2788, 3861, 1
2789, 3852, 1
2790, 3732, 1
2791, 3636, 1
2792, 3813, 1
2793, 3982, 1
2794, 3795, 1
2795, 3674, 1
2796, 3680, 1
2797, 3799, 1
2798, 3805, 1
2799, 3727, 1
2800, 3893, 1
2801, 3951, 1
2802, 3872, 1
2803, 3896, 1
2804, 3875, 1
2805, 3803, 1
2806, 3913, 1
2807, 3980, 1
2808, 3856, 1
2809, 3836, 1
2810, 3900, 1
2811, 3718, 1
2812, 3717, 1
2813, 3728, 1
2814, 3606, 1
2815, 3707, 1
2816, 3912, 1
2817, 3777, 1
2818, 3771, 1
2819, 3689, 1
2820, 3618, 1
2821, 3663, 1
2822, 3916, 1
2823, 3872, 1
2824, 3643, 1
2825, 3789, 1
2826, 3811, 1
2827, 3629, 1
2828, 3816, 1
2829, 3806, 1
2830, 3814, 1
2831, 3649, 1
2832, 3727, 1
2833, 3614, 1
2834, 3986, 1
2835, 3715, 1
2836, 3833, 1
2837, 3738, 1
2838, 3640, 1
2839, 3845, 1
2840, 3896, 1
2841, 3857, 1
2842, 3995, 1
2843, 3748, 1
2844, 3792, 1
2845, 3738, 1
2846, 3774, 1
2847, 3650, 1
2848, 3654, 1
2849, 3683, 1
2850, 3937, 1
2851, 3717, 1
2852, 3949, 1
2853, 3926, 1
2854, 3627, 1
2855, 3977, 1
2856, 3952, 1
2857, 3615, 1
2858, 3679, 1
2859, 3711, 1
2860, 3674, 1
2861, 3785, 1
2862, 3776, 1
2863, 3844, 1
2864, 3621, 1
2865, 3985, 1
2866, 3633, 1
2867, 3842, 1
2868, 3897, 1
2869, 3819, 1
2870, 3700, 1
2871, 3672, 1
2872, 3663, 1
2873, 3990, 1
2874, 3989, 1
2875, 3819, 1
2876, 3902, 1
2877, 3637, 1
2878, 3905, 1
2879, 3683, 1
2880, 3992, 1
2881, 3749, 1
2882, 3919, 1
2883, 3974, 1
2884, 3858, 1
2885, 3694, 1
2886, 3980, 1
2887, 3725, 1
2888, 3715, 1
2889, 3925, 1
2890, 3918, 1
2891, 3867, 1
2892, 3959, 1
2893, 3858, 1
2894, 3784, 1
2895, 3849, 1
2896, 3717, 1
2897, 3707, 1
2898, 3899, 1
2899, 3813, 1
2900, 3710, 1
2901, 3998, 1
2902, 3707, 1
2903, 3916, 1
2904, 3879, 1
2905, 3656, 1
2906, 3776, 1
2907, 3851, 1
2908, 3847, 1
2909, 3798, 1
2910, 3612, 1
2911, 3646, 1
2912, 3880, 1
2913, 3953, 1
2914, 3760, 1
2915, 3982, 1
2916, 3664, 1
2917, 3669, 1
2918, 3918, 1
2919, 3992, 1
2920, 3706, 1
2921, 3822, 1
2922, 3795, 1
2923, 3900, 1
2924, 3747, 1
2925, 3701, 1
2926, 3617, 1
2927, 3848, 1
2928, 3797, 1
2929, 3937, 1
2930, 3992, 1
2931, 3872, 1
2932, 3613, 1
2933, 3786, 1
2934, 3907, 1
2935, 3944, 1
2936, 3637, 1
2937, 3752, 1
2938, 3745, 1
2939, 3990, 1
2940, 3804, 1
2941, 3757, 1
2942, 3929, 1
2943, 3849, 1
2944, 3638, 1
2945, 3780, 1
2946, 3668, 1
2947, 3680, 1
2948, 3803, 1
2949, 3911, 1
2950, 3986, 1
2951, 3752, 1
2952, 3861, 1
2953, 3864, 1
2954, 3685, 1
2955, 3871, 1
2956, 3703, 1
2957, 3880, 1
2958, 3908, 1
2959, 3741, 1
2960, 3741, 1
2961, 3700, 1
2962, 3778, 1
2963, 3718, 1
2964, 3741, 1
2965, 3768, 1
2966, 3683, 1
2967, 3975, 1
2968, 3935, 1
2969, 3734, 1
2970, 3717, 1
2971, 3914, 1
2972, 3611, 1
2973, 3853, 1
2974, 3705, 1
2975, 3946, 1
2976, 3686, 1
2977, 3818, 1
2978, 3745, 1
2979, 3960, 1
2980, 3759, 1
2981, 3980, 1
2982, 3913, 1
2983, 3963, 1
2984, 3675, 1
2985, 3998, 1
2986, 3852, 1
2987, 3916, 1
2988, 3664, 1
2989, 3721, 1
2990, 3881, 1
2991, 3890, 1
2992, 3625, 1
2993, 3791, 1
2994, 3718, 1
2995, 3659, 1
2996, 3628, 1
2997, 3831, 1
2998, 3771, 1
2999, 3826, 1
3000, 3801, 1
3001, 3897, 1
3002, 3736, 1
3003, 3694, 1
3004, 3974, 1
3005, 3719, 1
3006, 3771, 1
3007, 3725, 1
3008, 3630, 1
3009, 3710, 1
3010, 3883, 1
3011, 3711, 1
3012, 3685, 1
3013, 3693, 1
3014, 3736, 1
3015, 3642, 1
3016, 3940, 1
3017, 3870, 1
3018, 3923, 1
3019, 3659, 1
3020, 3849, 1
3021, 3732, 1
3022, 3827, 1
3023, 3863, 1
3024, 3725, 1
3025, 3725, 1
3026, 3870, 1
3027, 3966, 1
3028, 3814, 1
3029, 3631, 1
3030, 3910, 1
3031, 3821, 1
3032, 3947, 1
3033, 3710, 1
3034, 3605, 1
3035, 3761, 1
3036, 3852, 1
3037, 3887, 1
3038, 3804, 1
3039, 3737, 1
3040, 3758, 1
3041, 3721, 1
3042, 3763, 1
3043, 3783, 1
3044, 3641, 1
3045, 3734, 1
3046, 3746, 1
3047, 3756, 1
3048, 3983, 1
3049, 3652, 1
3050, 3745, 1
3051, 3727, 1
3052, 3841, 1
3053, 3887, 1
3054, 3792, 1
3055, 3856, 1
3056, 3643, 1
3057, 3880, 1
3058, 3822, 1
3059, 3919, 1
3060, 3670, 1
3061, 3608, 1
3062, 3749, 1
3063, 3974, 1
3064, 3718, 1
3065, 3645, 1
3066, 3939, 1
3067, 3738, 1
3068, 3681, 1
3069, 3869, 1
3070, 3757, 1
3071, 3766, 1
3072, 3724, 1
3073, 3762, 1
3074, 3925, 1
3075, 3832, 1
3076, 3708, 1
3077, 3860, 1
3078, 3710, 1
3079, 3868, 1
3080, 3654, 1
3081, 3715, 1
3082, 3843, 1
3083, 3932, 1
3084, 3983, 1
3085, 3812, 1
3086, 3865, 1
3087, 3873, 1
3088, 3816, 1
3089, 3604, 1
3090, 3826, 1
3091, 3938, 1
3092, 3829, 1
3093, 3841, 1
3094, 3889, 1
3095, 3686, 1
3096, 3807, 1
3097, 3834, 1
3098, 3777, 1
3099, 3626, 1
3100, 3839, 1
3101, 3945, 1
3102, 3986, 1
3103, 3843, 1
3104, 3723, 1
3105, 3688, 1
3106, 3882, 1
3107, 3738, 1
3108, 3781, 1
3109, 3780, 1
3110, 3799, 1
3111, 3712, 1
3112, 3874, 1
3113, 3825, 1
3114, 3602, 1
3115, 3713, 1
3116, 3959, 1
3117, 3740, 1
3118, 3855, 1
3119, 3724, 1
3120, 3932, 1
3121, 3969, 1
3122, 3652, 1
3123, 3900, 1
3124, 3861, 1
3125, 3888, 1
3126, 3789, 1
3127, 3851, 1
3128, 3758, 1
3129, 3982, 1
3130, 3623, 1
3131, 3763, 1
3132, 3858, 1
3133, 3618, 1
3134, 3658, 1
3135, 3906, 1
3136, 3772, 1
3137, 3988, 1
3138, 3731, 1
3139, 3850, 1
3140, 3631, 1
3141, 3760, 1
3142, 3941, 1
3143, 3849, 1
3144, 3913, 1
3145, 3671, 1
3146, 3747, 1
3147, 3645, 1
3148, 3827, 1
3149, 3809, 1
3150, 3835, 1
3151, 3845, 1
3152, 3841, 1
3153, 3816, 1
3154, 3907, 1
3155, 3824, 1
3156, 3973, 1
3157, 3727, 1
3158, 3744, 1
3159, 3707, 1
3160, 3636, 1
3161, 3744, 1
3162, 3696, 1
3163, 3650, 1
3164, 3830, 1
3165, 3785, 1
3166, 3753, 1
3167, 3764, 1
3168, 3704, 1
3169, 3812, 1
3170, 3667, 1
3171, 3709, 1
3172, 3841, 1
3173, 3956, 1
3174, 3953, 1
3175, 3696, 1
3176, 3873, 1
3177, 3763, 1
3178, 3968, 1
3179, 3782, 1
3180, 3618, 1
3181, 3809, 1
3182, 3790, 1
3183, 3682, 1
3184, 3874, 1
3185, 3985, 1
3186, 3955, 1
3187, 3797, 1
3188, 3615, 1
3189, 3996, 1
3190, 3917, 1
3191, 3633, 1
3192, 3708, 1
3193, 3700, 1
3194, 3815, 1
3195, 3726, 1
3196, 3745, 1
3197, 3629, 1
3198, 3660, 1
3199, 3967, 1
2000, 3317, 3
2003, 3570, 3
2004, 3302, 3
2008, 3204, 3
2009, 3491, 3
2010, 3559, 3
2011, 3339, 3
2013, 3454, 3
2015, 3258, 3
2017, 3554, 3
2019, 3537, 3
2021, 3556, 3
2022, 3377, 3
2023, 3273, 3
2026, 3559, 3
2027, 3522, 3
2030, 3559, 3
2031, 3407, 3
2032, 3220, 3
2033, 3591, 3
2040, 3413, 3
2041, 3540, 3
2044, 3559, 3
2046, 3227, 3
2048, 3326, 3
2049, 3358, 3
2051, 3559, 3
2053, 3288, 3
2055, 3570, 3
2056, 3559, 3
2057, 3585, 3
2059, 3359, 3
2061, 3368, 3
2064, 3519, 3
2065, 3513, 3
2066, 3503, 3
2068, 3484, 3
2069, 3559, 3
2072, 3371, 3
2075, 3489, 3
2077, 3332, 3
2078, 3455, 3
2080, 3570, 3
2081, 3242, 3
2082, 3584, 3
2084, 3559, 3
2086, 3231, 3
2089, 3223, 3
2090, 3338, 3
2093, 3269, 3
2094, 3242, 3
2097, 3321, 3
2098, 3349, 3
2099, 3341, 3
2100, 3570, 3
2102, 3351, 3
2103, 3499, 3
2105, 3496, 3
2109, 3511, 3
2110, 3547, 3
2112, 3536, 3
2113, 3404, 3
2115, 3469, 3
2116, 3364, 3
2117, 3419, 3
2121, 3441, 3
2123, 3210, 3
2124, 3214, 3
2131, 3380, 3
2135, 3384, 3
2137, 3559, 3
2139, 3570, 3
2147, 3559, 3
2149, 3398, 3
2151, 3559, 3
2152, 3413, 3
2159, 3224, 3
2160, 3369, 3
2161, 3392, 3
2164, 3507, 3
2170, 3216, 3
2171, 3487, 3
2172, 3447, 3
2173, 3335, 3
2183, 3551, 3
2184, 3385, 3
2186, 3416, 3
2187, 3396, 3
2188, 3593, 3
2190, 3526, 3
2191, 3543, 3
2196, 3223, 3
2197, 3598, 3
2198, 3299, 3
2199, 3479, 3
2203, 3559, 3
2204, 3496, 3
2206, 3466, 3
2207, 3550, 3
2208, 3313, 3
2211, 3295, 3
2213, 3228, 3
2214, 3432, 3
2215, 3413, 3
2216, 3328, 3
2217, 3559, 3
2218, 3242, 3
2220, 3435, 3
2221, 3238, 3
2223, 3525, 3
2224, 3329, 3
2225, 3364, 3
2227, 3483, 3
2229, 3586, 3
2230, 3218, 3
2231, 3419, 3
2232, 3570, 3
2240, 3232, 3
2245, 3305, 3
2247, 3546, 3
2249, 3533, 3
2250, 3298, 3
2251, 3473, 3
2253, 3403, 3
2256, 3349, 3
2260, 3559, 3
2261, 3317, 3
2262, 3357, 3
2263, 3559, 3
2265, 3276, 3
2266, 3247, 3
2273, 3449, 3
2275, 3542, 3
2277, 3559, 3
2278, 3573, 3
2279, 3529, 3
2283, 3277, 3
2287, 3263, 3
2290, 3582, 3
2292, 3239, 3
2297, 3515, 3
2298, 3317, 3
2299, 3552, 3
2300, 3564, 3
2301, 3358, 3
2302, 3398, 3
2312, 3530, 3
2314, 3468, 3
2315, 3242, 3
2319, 3556, 3
2321, 3333, 3
2330, 3570, 3
2336, 3230, 3
2337, 3244, 3
2338, 3246, 3
2339, 3538, 3
2340, 3559, 3
2341, 3252, 3
2345, 3242, 3
2348, 3515, 3
2349, 3312, 3
2351, 3568, 3
2354, 3509, 3
2355, 3307, 3
2356, 3314, 3
2357, 3541, 3
2360, 3559, 3
2361, 3282, 3
2362, 3417, 3
2363, 3418, 3
2365, 3266, 3
2367, 3289, 3
2368, 3287, 3
2369, 3453, 3
2378, 3397, 3
2379, 3570, 3
2381, 3217, 3
2383, 3559, 3
2384, 3237, 3
2385, 3577, 3
2387, 3531, 3
2388, 3578, 3
2390, 3449, 3
2391, 3242, 3
2392, 3558, 3
2393, 3450, 3
2394, 3559, 3
2399, 3281, 3
2402, 3562, 3
2403, 3570, 3
2406, 3479, 3
2408, 3207, 3
2410, 3462, 3
2414, 3559, 3
2415, 3273, 3
2416, 3446, 3
2417, 3242, 3
2419, 3369, 3
2421, 3464, 3
2425, 3240, 3
2426, 3599, 3
2427, 3388, 3
2429, 3342, 3
2431, 3486, 3
2432, 3559, 3
2434, 3500, 3
2436, 3570, 3
2437, 3554, 3
2438, 3399, 3
2440, 3574, 3
2444, 3244, 3
2446, 3364, 3
2447, 3493, 3
2448, 3233, 3
2451, 3284, 3
2453, 3324, 3
2454, 3331, 3
2455, 3408, 3
2456, 3519, 3
2457, 3242, 3
2458, 3364, 3
2459, 3273, 3
2460, 3400, 3
2461, 3529, 3
2463, 3559, 3
2465, 3205, 3
2466, 3490, 3
2469, 3555, 3
2471, 3251, 3
2475, 3504, 3
2476, 3443, 3
2479, 3257, 3
2480, 3559, 3
2481, 3570, 3
2482, 3268, 3
2483, 3550, 3
2484, 3454, 3
2485, 3476, 3
2488, 3271, 3
2493, 3419, 3
2494, 3379, 3
2496, 3559, 3
2498, 3250, 3
2500, 3271, 3
2502, 3581, 3
2506, 3559, 3
2515, 3290, 3
2517, 3459, 3
2518, 3524, 3
2520, 3222, 3
2522, 3559, 3
2524, 3209, 3
2527, 3477, 3
2529, 3559, 3
2531, 3559, 3
2532, 3393, 3
2536, 3319, 3
2537, 3570, 3
2538, 3336, 3
2542, 3200, 3
2545, 3316, 3
2546, 3559, 3
2547, 3300, 3
2548, 3514, 3
2549, 3559, 3
2550, 3515, 3
2552, 3353, 3
2554, 3349, 3
2556, 3271, 3
2558, 3557, 3
2559, 3521, 3
2561, 3559, 3
2563, 3346, 3
2564, 3386, 3
2566, 3481, 3
2573, 3571, 3
2575, 3559, 3
2577, 3349, 3
2578, 3427, 3
2580, 3527, 3
2582, 3547, 3
2584, 3339, 3
2585, 3383, 3
2586, 3322, 3
2590, 3387, 3
2591, 3349, 3
2592, 3559, 3
2593, 3374, 3
2594, 3411, 3
2595, 3368, 3
2597, 3421, 3
2598, 3415, 3
2600, 3457, 3
2602, 3239, 3
2603, 3559, 3
2605, 3305, 3
2607, 3362, 3
2608, 3570, 3
2609, 3413, 3
2610, 3575, 3
2611, 3225, 3
2612, 3390, 3
2613, 3479, 3
2614, 3249, 3
2617, 3570, 3
2618, 3570, 3
2619, 3296, 3
2621, 3218, 3
2623, 3363, 3
2624, 3245, 3
2625, 3243, 3
2627, 3559, 3
2632, 3260, 3
2634, 3544, 3
2636, 3347, 3
2646, 3559, 3
2647, 3375, 3
2648, 3373, 3
2650, 3598, 3
2651, 3559, 3
2652, 3470, 3
2656, 3478, 3
2657, 3292, 3
2659, 3443, 3
2663, 3311, 3
2665, 3216, 3
2666, 3437, 3
2668, 3570, 3
2669, 3563, 3
2675, 3559, 3
2676, 3559, 3
2678, 3328, 3
2679, 3460, 3
2684, 3253, 3
2687, 3317, 3
2688, 3310, 3
2689, 3559, 3
2690, 3596, 3
2692, 3482, 3
2695, 3520, 3
2696, 3523, 3
2698, 3515, 3
2699, 3559, 3
2702, 3422, 3
2703, 3559, 3
2704, 3239, 3
2705, 3570, 3
2706, 3592, 3
2707, 3517, 3
2708, 3301, 3
2710, 3398, 3
2713, 3217, 3
2715, 3535, 3
2716, 3559, 3
2718, 3445, 3
2720, 3547, 3
2721, 3539, 3
2722, 3471, 3
2726, 3570, 3
2728, 3337, 3
2729, 3206, 3
2730, 3349, 3
2732, 3349, 3
2735, 3318, 3
2736, 3262, 3
2739, 3580, 3
2749, 3569, 3
2752, 3404, 3
2753, 3293, 3
2754, 3501, 3
2756, 3414, 3
2757, 3219, 3
2758, 3329, 3
2760, 3470, 3
2761, 3424, 3
2762, 3223, 3
2764, 3201, 3
2765, 3361, 3
2767, 3512, 3
2768, 3203, 3
2770, 3578, 3
2771, 3264, 3
2772, 3448, 3
2775, 3570, 3
2777, 3569, 3
2779, 3451, 3
2782, 3572, 3
2784, 3401, 3
2786, 3559, 3
2787, 3570, 3
2788, 3234, 3
2792, 3242, 3
2793, 3382, 3
2795, 3218, 3
2798, 3539, 3
2802, 3516, 3
2804, 3286, 3
2806, 3376, 3
2808, 3420, 3
2810, 3498, 3
2812, 3467, 3
2813, 3559, 3
2815, 3306, 3
2818, 3315, 3
2820, 3218, 3
2823, 3550, 3
2828, 3395, 3
2831, 3349, 3
2832, 3277, 3
2835, 3265, 3
2838, 3570, 3
2840, 3458, 3
2843, 3298, 3
2845, 3559, 3
2848, 3570, 3
2850, 3512, 3
2852, 3398, 3
2853, 3448, 3
2854, 3570, 3
2857, 3428, 3
2858, 3570, 3
2859, 3559, 3
2862, 3383, 3
2863, 3570, 3
2864, 3587, 3
2867, 3465, 3
2868, 3270, 3
2869, 3559, 3
2871, 3515, 3
2872, 3559, 3
2873, 3542, 3
2875, 3550, 3
2876, 3391, 3
2880, 3450, 3
2883, 3433, 3
2884, 3286, 3
2885, 3288, 3
2886, 3497, 3
2887, 3236, 3
2889, 3208, 3
2890, 3405, 3
2891, 3383, 3
2899, 3569, 3
2903, 3238, 3
2904, 3561, 3
2909, 3557, 3
2910, 3553, 3
2911, 3364, 3
2913, 3381, 3
2917, 3570, 3
2918, 3583, 3
2919, 3474, 3
2921, 3349, 3
2924, 3317, 3
2926, 3350, 3
2927, 3267, 3
2928, 3548, 3
2931, 3279, 3
2932, 3379, 3
2936, 3492, 3
2937, 3566, 3
2938, 3448, 3
2939, 3452, 3
2940, 3541, 3
2942, 3461, 3
2943, 3202, 3
2944, 3479, 3
2947, 3502, 3
2948, 3242, 3
2950, 3506, 3
2952, 3535, 3
2954, 3215, 3
2956, 3430, 3
2958, 3244, 3
2963, 3555, 3
2967, 3283, 3
2971, 3479, 3
2972, 3247, 3
2974, 3410, 3
2978, 3570, 3
2980, 3216, 3
2984, 3556, 3
2985, 3387, 3
2987, 3285, 3
2988, 3330, 3
2989, 3559, 3
2991, 3308, 3
2993, 3212, 3
3001, 3550, 3
3003, 3559, 3
3007, 3271, 3
3012, 3380, 3
3013, 3274, 3
3014, 3229, 3
3019, 3218, 3
3020, 3559, 3
3021, 3570, 3
3022, 3221, 3
3023, 3281, 3
3025, 3579, 3
3027, 3470, 3
3028, 3588, 3
3029, 3394, 3
3034, 3559, 3
3036, 3344, 3
3037, 3480, 3
3039, 3245, 3
3040, 3214, 3
3042, 3344, 3
3043, 3226, 3
3047, 3241, 3
3049, 3349, 3
3050, 3434, 3
3051, 3235, 3
3053, 3436, 3
3054, 3389, 3
3056, 3343, 3
3060, 3345, 3
3063, 3327, 3
3065, 3308, 3
3066, 3248, 3
3067, 3559, 3
3068, 3413, 3
3069, 3391, 3
3072, 3494, 3
3073, 3272, 3
3075, 3314, 3
3076, 3370, 3
3084, 3412, 3
3086, 3373, 3
3089, 3271, 3
3090, 3559, 3
3093, 3448, 3
3096, 3534, 3
3099, 3559, 3
3100, 3559, 3
3101, 3360, 3
3103, 3320, 3
3106, 3343, 3
3109, 3559, 3
3110, 3548, 3
3112, 3559, 3
3113, 3485, 3
3114, 3495, 3
3116, 3559, 3
3118, 3378, 3
3119, 3595, 3
3120, 3570, 3
3121, 3570, 3
3122, 3439, 3
3123, 3421, 3
3127, 3515, 3
3128, 3334, 3
3129, 3559, 3
3133, 3495, 3
3135, 3375, 3
3136, 3230, 3
3140, 3570, 3
3141, 3510, 3
3142, 3255, 3
3143, 3400, 3
3144, 3228, 3
3145, 3589, 3
3146, 3358, 3
3149, 3365, 3
3154, 3559, 3
3155, 3451, 3
3158, 3228, 3
3159, 3398, 3
3160, 3570, 3
3161, 3505, 3
3163, 3597, 3
3165, 3345, 3
3167, 3570, 3
3168, 3404, 3
3169, 3304, 3
3171, 3211, 3
3172, 3431, 3
3177, 3369, 3
3179, 3559, 3
3181, 3488, 3
3182, 3518, 3
3189, 3425, 3
3190, 3533, 3
3192, 3261, 3
3197, 3256, 3
3199, 3271, 3
3650, 4000, 2
3620, 4001, 2
3861, 4002, 2
3636, 4003, 2
3614, 4004, 2
3771, 4005, 2
3859, 4006, 2
3742, 4006, 2
3917, 4006, 2
3623, 4007, 2
3918, 4007, 2
3851, 4007, 2
3927, 4008, 2
3936, 4009, 2
3837, 4010, 2
3852, 4011, 2
3607, 4012, 2
3999, 4013, 2
3878, 4014, 2
3679, 4014, 2
3896, 4014, 2
3867, 4014, 2
3729, 4014, 2
3800, 4015, 2
3704, 4016, 2
3754, 4017, 2
3672, 4018, 2
3822, 4019, 2
3931, 4020, 2
3924, 4021, 2
3898, 4022, 2
3701, 4023, 2
3825, 4024, 2
3902, 4025, 2
3638, 4025, 2
3696, 4026, 2
3974, 4026, 2
3625, 4027, 2
3627, 4028, 2
3616, 4029, 2
3944, 4029, 2
3790, 4030, 2
3978, 4031, 2
3673, 4032, 2
3732, 4033, 2
3934, 4034, 2
3928, 4035, 2
3839, 4036, 2
3725, 4037, 2
3992, 4038, 2
3952, 4039, 2
3970, 4039, 2
3700, 4040, 2
3661, 4041, 2
3890, 4041, 2
3774, 4042, 2
3913, 4042, 2
3823, 4042, 2
3882, 4042, 2
3971, 4042, 2
3979, 4042, 2
3977, 4043, 2
3938, 4044, 2
3739, 4045, 2
3786, 4046, 2
3932, 4047, 2
3715, 4048, 2
3910, 4049, 2
3660, 4050, 2
3695, 4050, 2
3618, 4050, 2
3809, 4050, 2
3819, 4050, 2
3713, 4050, 2
3949, 4050, 2
3766, 4050, 2
3868, 4050, 2
3834, 4050, 2
3773, 4051, 2
3711, 4052, 2
3875, 4053, 2
3634, 4054, 2
3708, 4055, 2
3683, 4056, 2
3668, 4056, 2
3985, 4056, 2
3983, 4056, 2
3955, 4056, 2
3655, 4057, 2
3792, 4058, 2
3619, 4059, 2
3606, 4060, 2
3848, 4061, 2
3903, 4061, 2
3740, 4061, 2
3886, 4061, 2
3989, 4062, 2
3945, 4063, 2
3850, 4064, 2
3630, 4064, 2
3796, 4064, 2
3664, 4065, 2
3631, 4066, 2
3717, 4067, 2
3960, 4068, 2
3611, 4069, 2
3769, 4069, 2
3879, 4069, 2
3807, 4070, 2
3897, 4071, 2
3697, 4071, 2
3741, 4071, 2
3604, 4071, 2
3862, 4072, 2
3812, 4072, 2
3758, 4072, 2
3763, 4072, 2
3691, 4072, 2
3793, 4072, 2
3721, 4072, 2
3997, 4073, 2
3858, 4073, 2
3714, 4073, 2
3914, 4074, 2
3684, 4075, 2
3699, 4076, 2
3736, 4077, 2
3615, 4078, 2
3966, 4078, 2
3676, 4078, 2
3963, 4079, 2
3835, 4079, 2
3752, 4079, 2
3678, 4080, 2
3820, 4081, 2
3998, 4082, 2
3814, 4082, 2
3765, 4082, 2
3601, 4082, 2
3666, 4082, 2
3873, 4082, 2
3649, 4082, 2
3986, 4083, 2
3662, 4084, 2
3821, 4085, 2
3895, 4085, 2
3640, 4086, 2
3657, 4087, 2
3667, 4088, 2
3965, 4089, 2
3805, 4090, 2
3975, 4090, 2
3853, 4091, 2
3705, 4092, 2
3818, 4092, 2
3690, 4092, 2
3874, 4092, 2
3694, 4092, 2
3904, 4092, 2
3605, 4093, 2
3961, 4094, 2
3775, 4095, 2
3603, 4095, 2
3946, 4096, 2
3628, 4097, 2
3689, 4098, 2
3798, 4099, 2
